                   x	                  N2	                  AR	                IXCO	               IXCO2	               IXH2O	                IXH2	                IXN2	                   H	                  O2	                   O	                  OH	                  H2	                 H2O	                  HE	                 HO2	                H2O2	                  CO	                 CO2	                 HCO	                   C	                  CH	               TXCH2	                 CH3	                CH2O	                HCCO	                 C2H	               CH2CO	                C2H2	               SXCH2	               CH3OH	               CH2OH	                CH3O	                 CH4	               CH3O2	                C2H3	                C2H4	                C2H5	               HCCOH	              CH2CHO	              CH3CHO	                H2C2	               C2H5O	              NXC3H7	                C2H6	                C3H8	                C3H6	                C3H3	              PXC3H4	              AXC3H4	              SXC3H5	              NXC4H3	             C2H3CHO	              AXC3H5	                 C2O	                C4H4	                C3H2	               C3H2O	                C4H2	              IXC4H3	              TXC3H5	               C3H5O	                 C4H	                C8H2	                C6H2	                C4H6	              NXC4H5	              IXC4H5	             A1XC6H6	                 sN2	                 sAR	               sIXCO	              sIXCO2	              sIXH2O	               sIXH2	               sIXN2	                  sH	                 sO2	                  sO	                 sOH	                 sH2	                sH2O	                 sHE	                sHO2	               sH2O2	                 sCO	                sCO2	                sHCO	                  sC	                 sCH	              sTXCH2	                sCH3	               sCH2O	               sHCCO	                sC2H	              sCH2CO	               sC2H2	              sSXCH2	              sCH3OH	              sCH2OH	               sCH3O	                sCH4	              sCH3O2	               sC2H3	               sC2H4	               sC2H5	              sHCCOH	             sCH2CHO	             sCH3CHO	               sH2C2	              sC2H5O	             sNXC3H7	               sC2H6	               sC3H8	               sC3H6	               sC3H3	             sPXC3H4	             sAXC3H4	             sSXC3H5	             sNXC4H3	            sC2H3CHO	             sAXC3H5	                sC2O	               sC4H4	               sC3H2	              sC3H2O	               sC4H2	             sIXC4H3	             sTXC3H5	              sC3H5O	                sC4H	               sC8H2	               sC6H2	               sC4H6	             sNXC4H5	             sIXC4H5	            sA1XC6H6	                Temp	            Enthalpy	             Density	         HeatRelease	                   Z	                   D	                 chi	                grad
        0.000000E+00	        1.289310E-06	        0.000000E+00	        1.992139E-18	        7.346985E-37	        0.000000E+00	        0.000000E+00	        0.000000E+00	        0.000000E+00	        2.878539E-10	        0.000000E+00	        1.567132E-14	        3.668819E-08	        2.679996E-01	        0.000000E+00	        9.393826E-14	        0.000000E+00	        5.700056E-02	        7.200015E-02	        2.803445E-16	        5.675095E-15	        1.511427E-14	        0.000000E+00	        1.417414E-11	        8.546150E-11	        0.000000E+00	        0.000000E+00	        1.611736E-09	        5.159985E-01	        0.000000E+00	        2.229906E-11	        1.326506E-15	        0.000000E+00	        8.699972E-02	        1.545544E-17	        8.326111E-13	        4.620003E-09	        1.185116E-13	        5.888726E-10	        2.135501E-13	        1.026801E-12	        3.161486E-15	        2.984696E-23	        1.162754E-18	        5.520103E-10	        2.860659E-13	        8.813095E-10	        1.471923E-08	        2.249628E-08	        7.200008E-09	        6.264078E-12	        9.160100E-16	        3.277833E-11	        7.045546E-11	        4.151905E-13	        9.475988E-09	        2.992582E-10	        9.597465E-12	        1.563391E-08	        4.171761E-11	        2.972536E-14	        8.029407E-22	        1.033072E-16	        9.098616E-10	        2.669481E-09	        4.249863E-09	        5.406026E-11	        6.160737E-11	        1.502807E-15	        0.000000E+00	        0.000000E+00	        0.000000E+00	        0.000000E+00	        0.000000E+00	        0.000000E+00	        0.000000E+00	       -1.102406E-07	        1.621314E-13	        3.913318E-09	       -4.548763E-08	       -4.802277E-10	        5.064809E-08	        0.000000E+00	       -1.744346E-13	        3.286150E-15	       -4.420348E-09	        1.115620E-09	        1.850708E-12	       -2.366845E-17	       -6.593501E-08	       -2.495412E-08	       -5.729619E-08	        1.763624E-08	       -5.202147E-10	        2.808158E-09	        1.384743E-10	       -1.535863E-07	        2.784175E-07	       -2.405573E-08	       -1.101067E-10	        8.653043E-12	       -4.523312E-08	       -3.300123E-15	       -4.793932E-09	        4.595325E-08	       -9.083739E-13	        1.147412E-12	       -2.229345E-13	        4.090185E-16	        2.237414E-07	       -8.164417E-17	       -4.013276E-16	        5.570804E-14	        1.137823E-17	        4.003606E-09	       -1.787475E-07	        1.517059E-09	        1.295908E-11	        2.528214E-12	       -2.805923E-09	        2.825308E-15	        2.759435E-14	        1.527306E-11	        5.538916E-08	       -7.158342E-12	       -2.594816E-15	        1.517299E-12	        6.428823E-12	       -3.803945E-13	       -1.393108E-17	       -3.940046E-10	        1.107722E-18	        3.939957E-10	        1.449890E-09	       -6.837817E-13	        4.862028E-12	        2.266540E-21	        8.000000E+02	        6.753996E+05	        3.478893E-01	       -4.507322E+01	        1.000000E+00	        1.070660E-04	        2.241069E-07	        1.867782E-02
        2.739041E-04	        6.481733E-06	        0.000000E+00	        1.992553E-18	        5.882352E-37	        0.000000E+00	        0.000000E+00	        0.000000E+00	        2.278802E-15	        1.445689E-09	        0.000000E+00	        7.879332E-14	        1.844566E-07	        2.679982E-01	        0.000000E+00	        4.720767E-13	        3.766118E-14	        5.700280E-02	        7.200077E-02	        1.409529E-15	        5.679399E-15	        7.643406E-19	        0.000000E+00	        7.125274E-11	        4.295467E-10	        0.000000E+00	        1.483984E-19	        8.101976E-09	        5.159925E-01	        8.059507E-20	        1.120475E-10	        6.675521E-15	        0.000000E+00	        8.699860E-02	        7.769614E-17	        4.187438E-12	        2.322647E-08	        6.115968E-13	        2.960145E-09	        1.072955E-12	        5.159610E-12	        1.589237E-14	        1.500795E-22	        5.843925E-18	        2.774552E-09	        1.461483E-12	        4.428802E-09	        7.399502E-08	        1.131007E-07	        3.619930E-08	        3.148356E-11	        4.617306E-15	        1.647619E-10	        3.541302E-10	        2.103791E-12	        4.764548E-08	        1.503799E-09	        4.858520E-11	        7.861018E-08	        2.096535E-10	        1.493692E-13	        4.035960E-21	        0.000000E+00	        4.575057E-09	        1.342242E-08	        2.136253E-08	        2.717439E-10	        3.095955E-10	        7.553487E-15	        0.000000E+00	        0.000000E+00	        0.000000E+00	        0.000000E+00	        0.000000E+00	        0.000000E+00	        0.000000E+00	        1.501931E-12	        6.211841E-13	        1.169547E-12	        3.579130E-14	        5.346358E-11	       -1.234753E-09	        0.000000E+00	       -8.771682E-13	        1.581280E-14	        2.152545E-10	        1.546969E-10	       -1.525420E-13	       -1.188797E-16	       -3.334242E-12	       -5.987163E-14	        7.899873E-11	        9.765041E-13	       -3.866333E-14	        3.084516E-14	        7.035166E-10	       -6.015234E-07	       -4.220105E-12	        3.497284E-13	       -1.467629E-13	        1.713718E-13	       -2.750753E-08	       -1.142196E-14	        2.576677E-12	        1.191955E-09	       -4.679519E-12	        5.769411E-12	       -1.119692E-12	        1.011145E-14	        1.204133E-12	       -2.584808E-19	       -1.075799E-15	        3.558912E-13	        2.897078E-16	        2.012315E-08	        4.314187E-12	        7.627008E-09	        6.519755E-11	        1.424386E-11	       -1.483594E-15	        7.120501E-14	        1.720547E-13	       -5.103085E-15	        2.784217E-07	       -3.609532E-11	        5.487582E-17	        7.570637E-12	       -1.273181E-11	       -1.908474E-12	       -6.393218E-19	        5.088386E-15	        1.831845E-20	       -5.088220E-15	        7.290910E-09	       -8.763305E-13	        2.449628E-11	        5.730231E-20	        8.000135E+02	        6.753867E+05	        3.478836E-01	        5.123293E+01	        9.999911E-01	        1.070696E-04	        1.992468E-06	        5.569126E-02
        5.478081E-04	        3.225357E-05	        0.000000E+00	        1.994031E-18	        3.617673E-37	        0.000000E+00	        0.000000E+00	        0.000000E+00	        1.127166E-14	        7.188654E-09	        3.063212E-18	        3.908887E-13	        9.179264E-07	        2.679912E-01	        0.000000E+00	        2.406407E-12	        2.660439E-13	        5.701393E-02	        7.200382E-02	        1.594008E-14	        5.706233E-15	        3.123899E-23	        8.890204E-17	        3.521431E-10	        2.137022E-09	        1.659819E-15	        7.576956E-19	        4.025386E-08	        5.159627E-01	        1.279155E-20	        5.574609E-10	        4.243771E-14	        0.000000E+00	        8.699306E-02	        1.470390E-15	        2.070389E-11	        1.155107E-07	        3.323763E-12	        1.472824E-08	        5.434162E-12	        2.566548E-11	        1.593314E-14	        3.697158E-21	        1.224130E-16	        1.380435E-08	        7.294253E-12	        2.032513E-08	        3.681949E-07	        5.622036E-07	        1.801363E-07	        1.554509E-10	        2.345030E-14	        8.197708E-10	        1.761897E-09	        1.048661E-11	        2.079122E-07	        7.483218E-09	        2.420290E-10	        3.912254E-07	        1.044267E-09	        9.008787E-13	        1.022383E-19	        9.378292E-25	        2.276986E-08	        6.679976E-08	        1.054960E-07	        1.352238E-09	        1.537458E-09	        3.757828E-14	        0.000000E+00	        0.000000E+00	        0.000000E+00	        0.000000E+00	        0.000000E+00	        0.000000E+00	        0.000000E+00	       -4.506880E-15	       -1.335640E-12	        4.161561E-15	        2.408665E-14	        2.333616E-10	       -6.118890E-09	        0.000000E+00	       -4.488201E-12	        8.006801E-14	        1.080446E-09	        7.676038E-10	       -2.510969E-12	       -5.934346E-16	       -1.138818E-16	       -5.401586E-14	        5.207361E-10	        1.013905E-12	       -2.950571E-13	       -8.646507E-19	        3.492876E-09	       -7.812648E-07	       -3.735365E-17	        6.698460E-14	       -9.346691E-13	        2.952757E-15	       -1.360896E-07	       -1.801833E-13	        4.494243E-12	        5.885394E-09	       -2.526154E-11	        2.863410E-11	       -5.663602E-12	        2.487257E-13	        7.231237E-17	       -3.626176E-18	       -1.849922E-14	        3.572910E-12	        7.772631E-15	        9.937982E-08	       -2.240113E-11	        3.771575E-08	        3.234234E-10	        1.144899E-10	       -2.316022E-14	        1.759837E-12	        1.655887E-12	       -1.431214E-13	        2.802625E-07	       -1.826663E-10	        5.793152E-16	        3.762032E-11	       -1.081585E-10	       -1.148514E-11	       -1.483032E-17	        2.039956E-19	        4.706383E-19	        1.127482E-18	        3.634823E-08	       -2.828475E-10	        1.237913E-10	        1.410174E-18	        8.000807E+02	        6.753227E+05	        3.478551E-01	        7.258035E+01	        9.999472E-01	        1.070875E-04	        4.597576E-05	        2.674973E-01
        8.217122E-04	        1.552098E-04	        0.000000E+00	        1.998832E-18	        7.072636E-38	        0.000000E+00	        0.000000E+00	        0.000000E+00	        5.412832E-14	        3.457466E-08	        7.098359E-17	        1.878472E-12	        4.417431E-06	        2.679575E-01	        0.000000E+00	        1.193059E-11	        1.349796E-12	        5.706702E-02	        7.201838E-02	        2.322478E-13	        5.850771E-15	        1.012110E-22	        2.007312E-15	        1.676114E-09	        1.028220E-08	        3.554257E-14	        3.662513E-18	        1.933466E-07	        5.158207E-01	        2.895539E-19	        2.682340E-09	        2.713592E-13	        1.551499E-17	        8.696660E-02	        2.522007E-14	        9.922552E-11	        5.554658E-07	        1.773047E-11	        7.086775E-08	        2.672801E-11	        1.234580E-10	        1.612868E-14	        8.488287E-20	        2.282630E-15	        6.642186E-08	        3.511741E-11	        8.772627E-08	        1.771792E-06	        2.701872E-06	        8.668592E-07	        7.372434E-10	        1.154211E-13	        3.944401E-09	        8.477456E-09	        5.049646E-11	        9.432264E-07	        3.601789E-08	        1.164704E-09	        1.882852E-06	        5.036458E-09	        5.435032E-12	        2.418805E-18	        2.306605E-23	        1.095884E-07	        3.214859E-07	        5.029019E-07	        6.535727E-09	        7.380886E-09	        1.808005E-13	        0.000000E+00	        0.000000E+00	        0.000000E+00	        0.000000E+00	        0.000000E+00	        0.000000E+00	        0.000000E+00	       -1.093452E-12	       -1.113098E-10	        7.309481E-14	       -8.238121E-13	        4.107050E-10	       -2.940760E-08	        0.000000E+00	       -2.269803E-11	        3.992890E-13	        5.348363E-09	        3.690683E-09	       -2.971450E-11	       -2.921286E-15	       -8.206604E-18	       -6.114597E-13	        3.674536E-09	        7.858450E-12	       -3.945638E-12	       -2.047807E-17	        1.682718E-08	       -1.631429E-06	       -5.361534E-17	        1.360406E-12	       -5.799145E-12	       -2.064271E-15	       -6.493049E-07	       -2.224087E-12	       -2.052998E-11	        2.824892E-08	       -1.310981E-10	        1.378908E-10	       -2.771054E-11	        5.688108E-12	        3.828867E-16	       -6.086107E-17	       -2.328834E-13	        5.555667E-11	        1.970557E-13	        4.717884E-07	       -8.507242E-10	        1.799817E-07	        1.564385E-09	        9.498421E-10	       -4.304223E-13	        4.077412E-11	        2.657603E-11	       -3.300616E-12	        2.891910E-07	       -9.485823E-10	        9.694444E-15	        1.794138E-10	       -5.694387E-10	       -6.885988E-11	       -1.673657E-16	       -5.547326E-20	        1.097171E-17	        3.101317E-17	        1.772374E-07	       -3.706601E-09	        6.313284E-10	        3.270247E-17	        8.004013E+02	        6.750174E+05	        3.477192E-01	        1.739697E+02	        9.997373E-01	        1.071732E-04	        9.342374E-04	        1.205341E+00
        9.586642E-04	        3.757836E-04	        2.356611E-38	        2.004468E-18	        0.000000E+00	        0.000000E+00	        0.000000E+00	        0.000000E+00	        1.315220E-13	        8.368915E-08	        4.179869E-16	        4.556808E-12	        1.069546E-05	        2.678971E-01	        0.000000E+00	        2.957874E-11	        3.283297E-12	        5.716226E-02	        7.204450E-02	        1.272850E-12	        6.121574E-15	        5.727141E-22	        1.191924E-14	        4.009040E-09	        2.489257E-08	        2.190915E-13	        8.975526E-18	        4.674413E-07	        5.155659E-01	        1.727088E-18	        6.493982E-09	        8.177173E-13	        9.423624E-17	        8.691914E-02	        1.470396E-13	        2.404797E-10	        1.344117E-06	        4.644191E-11	        1.715697E-07	        6.582408E-11	        2.986841E-10	        1.648517E-14	        4.924840E-19	        1.372278E-14	        1.608066E-07	        8.501909E-11	        1.936385E-07	        4.289745E-06	        6.534906E-06	        2.098780E-06	        1.751275E-09	        2.969265E-13	        9.547858E-09	        2.052300E-08	        1.223752E-10	        2.251047E-06	        8.722578E-08	        2.819624E-09	        4.558907E-06	        1.221900E-08	        1.570103E-11	        1.447786E-17	        1.371687E-22	        2.653497E-07	        7.784056E-07	        1.208543E-06	        1.598076E-08	        1.783643E-08	        4.376984E-13	        0.000000E+00	        0.000000E+00	        0.000000E+00	        0.000000E+00	        0.000000E+00	        0.000000E+00	        0.000000E+00	       -1.725327E-11	       -7.262816E-10	        2.543612E-13	       -9.323928E-12	       -2.072156E-09	       -7.134417E-08	        0.000000E+00	       -5.839056E-11	        1.002134E-12	        1.369740E-08	        8.960895E-09	       -1.827393E-10	       -7.380498E-15	       -2.084067E-17	       -5.443915E-12	        1.146875E-08	        2.914817E-11	       -3.366341E-11	       -1.448390E-16	        4.100313E-08	       -3.141690E-06	       -6.502003E-16	        7.904851E-12	       -1.685530E-11	       -1.926675E-14	       -1.557507E-06	       -1.358084E-11	       -7.292612E-10	        6.861790E-08	       -3.291106E-10	        3.357436E-10	       -6.769475E-11	        3.278993E-11	       -1.669868E-16	       -3.678758E-16	       -1.611713E-12	        2.934177E-10	        1.233164E-12	        1.122693E-06	       -5.227724E-09	        4.324688E-07	        3.855297E-09	        4.661652E-09	       -3.532637E-12	        2.400548E-10	        1.468017E-10	       -1.932405E-11	        3.058714E-07	       -2.594726E-09	        8.199991E-14	        4.265282E-10	       -1.419403E-09	       -1.980884E-10	       -1.603073E-15	       -3.033812E-19	        6.522006E-17	        1.834394E-16	        4.401029E-07	       -1.651516E-08	        1.686754E-09	        1.941906E-16	        8.009764E+02	        6.744700E+05	        3.474757E-01	        3.557511E+02	        9.993609E-01	        1.073270E-04	        5.305539E-03	        2.870348E+00
        1.095616E-03	        9.531643E-04	        6.080209E-38	        2.013860E-18	        0.000000E+00	        0.000000E+00	        0.000000E+00	        0.000000E+00	        3.416987E-13	        2.122369E-07	        2.701973E-15	        1.164530E-11	        2.712935E-05	        2.677391E-01	        0.000000E+00	        7.673941E-11	        8.326760E-12	        5.741157E-02	        7.211288E-02	        6.665095E-12	        6.856936E-15	        3.722394E-21	        7.620140E-14	        1.002833E-08	        6.313467E-08	        1.394807E-12	        2.355702E-17	        1.184042E-06	        5.148990E-01	        1.117419E-17	        1.647104E-08	        2.510296E-12	        6.077081E-16	        8.679492E-02	        7.875079E-13	        6.200855E-10	        3.407555E-06	        1.263885E-10	        4.351575E-07	        1.696241E-10	        7.566191E-10	        1.745423E-14	        3.097279E-18	        7.850807E-14	        4.078582E-07	        2.156101E-10	        4.471292E-07	        1.088092E-05	        1.655981E-05	        5.323487E-06	        4.309153E-09	        8.624952E-13	        2.420877E-08	        5.204948E-08	        3.109214E-10	        5.666582E-06	        2.213051E-07	        7.151125E-09	        1.156417E-05	        3.105474E-08	        4.665413E-11	        9.338780E-17	        9.290964E-22	        6.731034E-07	        1.974512E-06	        3.043630E-06	        4.114060E-08	        4.515701E-08	        1.110107E-12	        0.000000E+00	        0.000000E+00	        0.000000E+00	        0.000000E+00	        0.000000E+00	        0.000000E+00	        0.000000E+00	       -1.294490E-10	       -4.921000E-09	        9.554603E-13	       -6.336101E-11	       -2.555613E-08	       -1.823806E-07	        0.000000E+00	       -1.657537E-10	        2.682326E-12	        3.932744E-08	        2.295375E-08	       -7.599343E-10	       -2.087435E-14	       -5.809733E-17	       -3.296802E-11	        2.523249E-08	        1.281973E-10	       -2.023641E-10	       -9.820190E-16	        1.059968E-07	       -7.099661E-06	       -5.714806E-15	        5.009609E-11	       -4.776982E-11	       -1.164022E-13	       -3.902865E-06	       -5.891469E-11	       -5.657683E-09	        1.778593E-07	       -8.054438E-10	        8.663841E-10	       -1.708435E-10	        2.050868E-10	       -5.484021E-15	       -2.273861E-15	       -7.851420E-12	        1.759820E-09	        8.368247E-12	        2.775316E-06	       -3.412905E-08	        1.094771E-06	        1.046555E-08	        2.049813E-08	       -2.296039E-11	        1.551591E-09	        9.314453E-10	       -1.240273E-10	        3.531569E-07	       -8.538784E-09	        9.451252E-13	        1.023023E-09	       -3.767413E-09	       -5.860869E-10	       -9.656118E-15	       -1.827599E-18	        4.357025E-16	        1.201614E-15	        1.178133E-06	       -6.475397E-08	        5.006110E-09	        1.295993E-15	        8.024831E+02	        6.730392E+05	        3.468394E-01	        8.415817E+02	        9.983756E-01	        1.077304E-04	        3.394200E-02	        7.246429E+00
        1.232568E-03	        2.390285E-03	        8.092372E-38	        2.026789E-18	        0.000000E+00	        0.000000E+00	        0.000000E+00	        0.000000E+00	        9.232790E-13	        5.322251E-07	        1.704055E-14	        2.981909E-11	        6.803451E-05	        2.673457E-01	        0.000000E+00	        1.968554E-10	        2.083356E-11	        5.803213E-02	        7.228307E-02	        3.113474E-11	        8.726707E-15	        2.529910E-20	        4.672882E-13	        2.481925E-08	        1.583151E-07	        8.477869E-12	        6.444599E-17	        2.965439E-06	        5.132391E-01	        7.059072E-17	        4.130297E-08	        7.463446E-12	        3.722537E-15	        8.648577E-02	        3.770518E-12	        1.641309E-09	        8.541043E-06	        3.370530E-10	        1.091209E-06	        4.316652E-10	        1.891915E-09	        2.010779E-14	        1.848664E-17	        4.086530E-13	        1.022738E-06	        5.404632E-10	        1.019675E-06	        2.728726E-05	        4.149049E-05	        1.334983E-05	        1.025469E-08	        2.855660E-12	        6.065697E-08	        1.304987E-07	        7.827070E-10	        1.415902E-05	        5.551712E-07	        1.793152E-08	        2.900116E-05	        7.803002E-08	        1.357154E-10	        5.658961E-16	        6.734647E-21	        1.688072E-06	        4.951777E-06	        7.579249E-06	        1.054741E-07	        1.130198E-07	        2.783622E-12	        0.000000E+00	        0.000000E+00	        0.000000E+00	        0.000000E+00	        0.000000E+00	        0.000000E+00	        0.000000E+00	       -8.505416E-10	       -3.173088E-08	        3.054701E-12	       -3.876317E-10	       -1.919986E-07	       -4.673572E-07	        0.000000E+00	       -5.105353E-10	        7.425945E-12	        1.258263E-07	        5.911444E-08	       -2.264652E-09	       -6.605845E-14	       -1.762924E-16	       -1.660160E-10	       -1.731091E-08	        6.392855E-10	       -1.023575E-09	       -6.618919E-15	        2.788837E-07	       -1.718323E-05	       -5.551592E-14	        3.082218E-10	       -1.192737E-10	       -5.608871E-13	       -9.637070E-06	       -1.845007E-10	       -3.413996E-08	        4.766293E-07	       -1.625773E-09	        2.271717E-09	       -4.088633E-10	        1.224778E-09	       -4.406135E-14	       -1.309639E-14	       -2.948030E-11	        1.052327E-08	        5.482200E-11	        6.681474E-06	       -2.150693E-07	        2.791323E-06	        3.194700E-08	        8.124572E-08	       -1.399134E-10	        9.775688E-09	        5.924635E-09	       -7.757985E-10	        4.934960E-07	       -3.352802E-08	        1.297056E-11	        2.127072E-09	       -1.030981E-08	       -1.708287E-09	       -4.385488E-14	       -1.188354E-17	        3.011603E-15	        7.833514E-15	        3.306317E-06	       -2.277586E-07	        1.634501E-08	        8.912915E-15	        8.062410E+02	        6.694915E+05	        3.452626E-01	        2.136039E+03	        9.959231E-01	        1.087392E-04	        1.938273E-01	        1.723609E+01
        1.369520E-03	        5.744783E-03	        8.391519E-38	        2.038594E-18	        0.000000E+00	        0.000000E+00	        0.000000E+00	        0.000000E+00	        2.664519E-12	        1.279554E-06	        9.794312E-14	        7.545543E-11	        1.635158E-04	        2.664274E-01	        0.000000E+00	        4.855641E-10	        4.990065E-11	        5.948062E-02	        7.268031E-02	        1.208649E-10	        1.319102E-14	        1.791486E-19	        2.531446E-12	        5.946915E-08	        3.804682E-07	        4.579438E-11	        1.901168E-16	        7.117719E-06	        5.093648E-01	        4.096802E-16	        9.925963E-08	        2.085296E-11	        1.971381E-14	        8.576423E-02	        1.504071E-11	        4.481207E-09	        2.051695E-05	        8.520918E-10	        2.622491E-06	        1.052042E-09	        4.515293E-09	        2.787857E-14	        9.512802E-17	        1.806205E-12	        2.457804E-06	        1.297528E-09	        2.217108E-06	        6.558693E-05	        9.962840E-05	        3.208437E-05	        2.248431E-08	        1.103672E-11	        1.454640E-07	        3.134901E-07	        1.899286E-09	        3.396958E-05	        1.335067E-06	        4.309323E-08	        6.970337E-05	        1.879325E-07	        3.782479E-10	        2.867523E-15	        5.459020E-20	        4.057296E-06	        1.190146E-05	        1.807760E-05	        2.616004E-07	        2.709841E-07	        6.689435E-12	        0.000000E+00	        0.000000E+00	        0.000000E+00	        0.000000E+00	        0.000000E+00	        0.000000E+00	        0.000000E+00	       -3.738135E-09	       -1.849816E-07	        1.433252E-11	       -1.607033E-09	       -1.205035E-06	       -1.185121E-06	        0.000000E+00	       -1.682460E-09	        2.180644E-11	        4.506384E-07	        1.515664E-07	       -4.156500E-09	       -2.361031E-13	       -5.646087E-16	       -5.151672E-10	       -5.704928E-07	        3.395865E-09	       -3.584663E-09	       -3.869937E-14	        7.462823E-07	       -4.269497E-05	       -5.312777E-13	        1.701459E-09	       -2.209564E-10	       -1.604121E-12	       -2.283055E-05	       -2.953574E-10	       -1.456648E-07	        1.338802E-06	       -1.479344E-09	        6.059581E-09	       -7.945784E-10	        6.431088E-09	        3.351998E-16	       -6.277872E-14	       -7.025838E-11	        5.901667E-08	        3.263925E-10	        1.505540E-05	       -1.246560E-06	        7.169664E-06	        1.183480E-07	        2.216321E-07	       -7.746403E-10	        5.596771E-08	        3.506603E-08	       -4.430900E-09	        9.573034E-07	       -1.490218E-07	        1.692337E-10	        1.639615E-09	       -2.847528E-08	       -4.845389E-09	       -1.065908E-13	       -8.153050E-17	        2.169888E-14	        4.812883E-14	        9.861898E-06	       -7.482773E-07	        6.152946E-08	        6.227384E-14	        8.150553E+02	        6.612827E+05	        3.416208E-01	        5.707921E+03	        9.901985E-01	        1.111209E-04	        9.769974E-01	        3.828011E+01
        1.437996E-03	        8.896847E-03	        8.140891E-38	        2.038994E-18	        0.000000E+00	        0.000000E+00	        0.000000E+00	        0.000000E+00	        4.907238E-12	        1.982822E-06	        2.338947E-13	        1.232634E-10	        2.532362E-04	        2.655645E-01	        0.000000E+00	        7.670570E-10	        7.707721E-11	        6.084171E-02	        7.305357E-02	        2.275367E-10	        1.761816E-14	        5.238719E-19	        5.799675E-12	        9.359833E-08	        5.891934E-07	        1.078705E-10	        3.580673E-16	        1.101365E-05	        5.057245E-01	        1.000416E-15	        1.537084E-07	        3.469118E-11	        4.399738E-14	        8.508629E-02	        2.820767E-11	        7.872453E-09	        3.176326E-05	        1.343911E-09	        4.061310E-06	        1.641290E-09	        6.928488E-09	        3.768904E-14	        2.063724E-16	        3.673359E-12	        3.805935E-06	        2.006268E-09	        3.226065E-06	        1.015844E-04	        1.542054E-04	        4.968761E-05	        3.230930E-08	        2.597535E-11	        2.245790E-07	        4.851731E-07	        2.980998E-09	        5.257566E-05	        2.068917E-06	        6.673412E-08	        1.079500E-04	        2.914656E-07	        6.426235E-10	        6.004561E-15	        1.799413E-19	        6.283607E-06	        1.843189E-05	        2.784444E-05	        4.155818E-07	        4.188098E-07	        1.035859E-11	        0.000000E+00	        0.000000E+00	        0.000000E+00	        0.000000E+00	        0.000000E+00	        0.000000E+00	        0.000000E+00	       -1.251151E-08	       -4.443754E-07	        8.447752E-12	       -4.763464E-09	       -3.018612E-06	       -1.938158E-06	        0.000000E+00	       -3.182433E-09	        4.041616E-11	        9.171522E-07	        2.506047E-07	       -5.272986E-09	       -4.821966E-13	       -1.249561E-15	       -1.186654E-09	       -1.926648E-06	        8.292564E-09	       -8.551698E-09	       -1.176595E-13	        1.274765E-06	       -7.043696E-05	       -1.896193E-12	        3.971936E-09	       -2.256503E-10	       -3.007822E-12	       -3.534666E-05	       -1.071268E-10	       -4.220920E-07	        2.415105E-06	        1.247259E-09	        1.036260E-08	       -7.856736E-10	        1.426189E-08	       -5.936204E-13	       -1.325761E-13	       -9.750490E-11	        1.435396E-07	        7.969094E-10	        2.220413E-05	       -3.028261E-06	        1.203508E-05	        2.573180E-07	        5.271388E-07	       -2.378226E-09	        1.329416E-07	        8.597404E-08	       -1.056600E-08	        1.600080E-06	       -3.347076E-07	        6.104281E-10	       -4.933056E-09	       -4.706241E-08	       -8.396091E-09	       -1.282544E-13	       -2.694475E-16	        6.408763E-14	        1.190668E-13	        1.820424E-05	       -1.256285E-06	        1.368004E-07	        1.789862E-13	        8.233642E+02	        6.535957E+05	        3.382588E-01	        9.927903E+03	        9.848194E-01	        1.133868E-04	        2.239117E+00	        5.736955E+01
        1.506472E-03	        1.371912E-02	        7.755825E-38	        2.030376E-18	        0.000000E+00	        0.000000E+00	        5.500435E-18	        0.000000E+00	        9.721265E-12	        3.060411E-06	        5.489503E-13	        2.060159E-10	        3.904989E-04	        2.642445E-01	        0.000000E+00	        1.210384E-09	        1.184886E-10	        6.292401E-02	        7.362462E-02	        4.094716E-10	        2.481352E-14	        1.658882E-18	        1.281087E-11	        1.492950E-07	        9.084857E-07	        2.451099E-10	        7.425561E-16	        1.696750E-05	        5.001556E-01	        2.432541E-15	        2.369931E-07	        5.670400E-11	        9.250172E-14	        8.404920E-02	        4.899604E-11	        1.443509E-08	        4.896062E-05	        2.091953E-09	        6.262474E-06	        2.546888E-09	        1.054489E-08	        5.923325E-14	        4.222539E-16	        7.033777E-12	        5.867892E-06	        3.086332E-09	        4.657175E-06	        1.566706E-04	        2.376439E-04	        7.661735E-05	        4.473947E-08	        6.344081E-11	        3.447203E-07	        7.474018E-07	        4.686759E-09	        8.103080E-05	        3.193137E-06	        1.028973E-07	        1.664634E-04	        4.501445E-07	        1.088572E-09	        1.144035E-14	        6.838845E-19	        9.689656E-06	        2.842278E-05	        4.266789E-05	        6.591752E-07	        6.440849E-07	        1.597022E-11	        0.000000E+00	        0.000000E+00	        0.000000E+00	        0.000000E+00	        0.000000E+00	        0.000000E+00	        0.000000E+00	       -3.635984E-08	       -1.051695E-06	       -6.402093E-12	       -1.220506E-08	       -7.582282E-06	       -3.244584E-06	        0.000000E+00	       -6.043750E-09	        8.086919E-11	        1.922321E-06	        4.264264E-07	       -5.583842E-09	       -1.028659E-12	       -3.069488E-15	       -2.102185E-09	       -5.412397E-06	        2.080015E-08	       -1.651615E-08	       -3.585860E-13	        2.252771E-06	       -1.207496E-04	       -6.318473E-12	        9.023833E-09	       -6.560682E-11	       -3.853776E-12	       -5.505033E-05	        6.145875E-10	       -1.058763E-06	        4.611934E-06	        9.798727E-09	        1.845890E-08	        1.954089E-10	        3.036192E-08	       -2.573606E-12	       -2.525902E-13	       -7.939977E-11	        3.549474E-07	        1.927459E-09	        3.201637E-05	       -7.375097E-06	        2.114144E-05	        6.000579E-07	        1.003070E-06	       -6.598447E-09	        3.090106E-07	        2.087846E-07	       -2.488251E-08	        3.068713E-06	       -7.766137E-07	        2.139255E-09	       -3.302108E-08	       -7.207479E-08	       -1.447007E-08	        6.319901E-15	       -1.007937E-15	        2.088152E-13	        2.746094E-13	        3.530741E-05	       -2.129795E-06	        3.364347E-07	        5.446062E-13	        8.361510E+02	        6.419409E+05	        3.332149E-01	        1.812980E+04	        9.765900E-01	        1.169122E-04	        5.157620E+00	        8.574704E+01
        1.574948E-03	        2.081565E-02	        7.311710E-38	        2.007957E-18	        0.000000E+00	        0.000000E+00	        1.919665E-17	        0.000000E+00	        2.079236E-11	        4.650121E-06	        1.233537E-12	        3.518851E-10	        5.924988E-04	        2.623019E-01	        0.000000E+00	        1.886324E-09	        1.791067E-10	        6.598835E-02	        7.446498E-02	        6.969088E-10	        3.646729E-14	        5.658820E-18	        2.662263E-11	        2.408265E-07	        1.378284E-06	        5.268486E-10	        1.736121E-15	        2.571810E-05	        4.919606E-01	        5.802885E-15	        3.595216E-07	        8.933676E-11	        1.780789E-13	        8.252311E-02	        7.625996E-11	        2.746296E-08	        7.425325E-05	        3.159255E-09	        9.501638E-06	        3.878674E-09	        1.570965E-08	        1.129769E-13	        7.859681E-16	        1.237798E-11	        8.901039E-06	        4.665783E-09	        6.604706E-06	        2.377703E-04	        3.603334E-04	        1.162448E-04	        5.819730E-08	        1.582015E-10	        5.194864E-07	        1.132292E-06	        7.314083E-09	        1.228870E-04	        4.851013E-06	        1.561013E-07	        2.525734E-04	        6.840872E-07	        1.814725E-09	        1.884312E-14	        3.039258E-18	        1.470211E-05	        4.312564E-05	        6.425743E-05	        1.030948E-06	        9.734938E-07	        2.422332E-11	        0.000000E+00	        0.000000E+00	        0.000000E+00	        0.000000E+00	        0.000000E+00	        0.000000E+00	        0.000000E+00	       -8.842294E-08	       -2.390747E-06	       -2.220325E-11	       -2.641397E-08	       -1.883324E-05	       -5.555232E-06	        0.000000E+00	       -1.105283E-08	        1.761901E-10	        4.025281E-06	        7.470196E-07	       -5.047740E-09	       -2.240417E-12	       -7.248096E-15	       -3.067248E-09	       -1.373525E-05	        5.237897E-08	       -2.673016E-08	       -1.030648E-12	        4.089503E-06	       -2.158527E-04	       -1.930905E-11	        1.949358E-08	        4.645602E-10	       -4.149598E-12	       -8.623749E-05	        1.850261E-09	       -2.476486E-06	        9.316753E-06	        3.024609E-08	        3.417898E-08	        4.309974E-09	        6.022739E-08	       -3.821543E-12	       -4.118836E-13	        1.021613E-11	        8.824875E-07	        4.509168E-09	        4.427300E-05	       -1.771219E-05	        3.911166E-05	        1.458942E-06	        1.457375E-06	       -1.747248E-08	        6.826291E-07	        4.897674E-07	       -5.648292E-08	        6.689898E-06	       -1.825790E-06	        6.975202E-09	       -1.367917E-07	       -8.047325E-08	       -2.425036E-08	        2.530262E-13	       -3.876258E-15	        7.590011E-13	        4.154488E-13	        7.118847E-05	       -3.720135E-06	        9.154624E-07	        1.732245E-12	        8.551291E+02	        6.250035E+05	        3.260053E-01	        3.461755E+04	        9.644795E-01	        1.222299E-04	        1.126937E+01	        1.239611E+02
        1.609186E-03	        2.550297E-02	        7.076542E-38	        1.989679E-18	        0.000000E+00	        0.000000E+00	        2.526154E-17	        0.000000E+00	        3.168523E-11	        5.703452E-06	        1.824651E-12	        4.674728E-10	        7.259237E-04	        2.610188E-01	        0.000000E+00	        2.348698E-09	        2.188853E-10	        6.801237E-02	        7.502004E-02	        8.935797E-10	        4.514263E-14	        1.092717E-17	        3.764329E-11	        3.102588E-07	        1.688522E-06	        7.606490E-10	        2.828964E-15	        3.149047E-05	        4.865479E-01	        8.964542E-15	        4.404258E-07	        1.102637E-10	        2.402365E-13	        8.151517E-02	        9.053540E-11	        3.898184E-08	        9.094792E-05	        3.825992E-09	        1.164107E-05	        4.750317E-09	        1.900577E-08	        1.704885E-13	        1.035236E-15	        1.588634E-11	        1.090331E-05	        5.700389E-09	        7.810065E-06	        2.913677E-04	        4.413031E-04	        1.424166E-04	        6.449432E-08	        2.595728E-10	        6.332587E-07	        1.385641E-06	        9.147703E-09	        1.505183E-04	        5.949073E-06	        1.912265E-07	        3.094504E-04	        8.387858E-07	        2.337650E-09	        2.271242E-14	        6.941681E-18	        1.801292E-05	        5.283708E-05	        7.835005E-05	        1.285097E-06	        1.188955E-06	        2.966868E-11	        0.000000E+00	        0.000000E+00	        0.000000E+00	        0.000000E+00	        0.000000E+00	        0.000000E+00	        0.000000E+00	       -1.827928E-07	       -3.559602E-06	       -8.144658E-11	       -4.802902E-08	       -2.978273E-05	       -7.379478E-06	        0.000000E+00	       -1.459388E-08	        2.709618E-10	        5.820557E-06	        1.008557E-06	       -3.628826E-09	       -3.353986E-12	       -1.522836E-14	       -3.842516E-09	       -2.226988E-05	        8.407031E-08	       -3.451056E-08	       -2.105836E-12	        5.592758E-06	       -2.975465E-04	       -3.352068E-11	        2.822718E-08	        9.837251E-10	       -2.952100E-12	       -1.091378E-04	        2.946347E-09	       -4.384734E-06	        1.375626E-05	        4.864417E-08	        4.743713E-08	        9.590310E-09	        8.269885E-08	       -1.850234E-11	       -4.736154E-13	        1.594379E-10	        1.417633E-06	        6.842461E-09	        5.113842E-05	       -2.757693E-05	        5.494370E-05	        2.322793E-06	        1.975797E-06	       -3.049073E-08	        9.961959E-07	        7.433995E-07	       -8.422660E-08	        1.041316E-05	       -2.833728E-06	        1.228192E-08	       -2.674433E-07	       -4.826479E-08	       -3.096111E-08	        5.768985E-13	       -9.449181E-15	        1.532268E-12	        8.996364E-14	        1.030077E-04	       -4.264037E-06	        1.580797E-06	        3.202526E-12	        8.676873E+02	        6.137586E+05	        3.214077E-01	        4.919537E+04	        9.564804E-01	        1.258072E-04	        1.650726E+01	        1.478799E+02
        1.643424E-03	        3.109326E-02	        6.833862E-38	        1.965850E-18	        0.000000E+00	        0.000000E+00	        3.042848E-17	        0.000000E+00	        4.962134E-11	        6.962934E-06	        2.665492E-12	        6.283020E-10	        8.850537E-04	        2.594885E-01	        0.000000E+00	        2.913907E-09	        2.660646E-10	        7.042631E-02	        7.568203E-02	        1.131530E-09	        5.649598E-14	        2.169267E-17	        5.235192E-11	        4.026017E-07	        2.058452E-06	        1.079845E-09	        4.843220E-15	        3.836816E-05	        4.800928E-01	        1.382513E-14	        5.368898E-07	        1.343521E-10	        3.169873E-13	        8.031311E-02	        1.036594E-10	        5.609992E-08	        1.108477E-04	        4.580892E-09	        1.419260E-05	        5.778162E-09	        2.283316E-08	        2.749065E-13	        1.325251E-15	        1.987282E-11	        1.329009E-05	        6.925716E-09	        9.186325E-06	        3.553210E-04	        5.378082E-04	        1.736277E-04	        6.970303E-08	        4.248160E-10	        7.673585E-07	        1.686926E-06	        1.143055E-08	        1.834571E-04	        7.261735E-06	        2.330993E-07	        3.772850E-04	        1.023355E-06	        2.997532E-09	        2.606526E-14	        1.676457E-17	        2.196156E-05	        6.441941E-05	        9.499873E-05	        1.594659E-06	        1.443531E-06	        3.615592E-11	        0.000000E+00	        0.000000E+00	        0.000000E+00	        0.000000E+00	        0.000000E+00	        0.000000E+00	        0.000000E+00	       -3.436813E-07	       -5.237782E-06	       -1.486264E-10	       -8.037103E-08	       -4.717120E-05	       -9.917117E-06	        0.000000E+00	       -1.871780E-08	        4.285424E-10	        8.372758E-06	        1.381063E-06	       -1.715200E-09	       -5.047627E-12	       -3.056143E-14	       -4.605072E-09	       -3.553425E-05	        1.352567E-07	       -4.259811E-08	       -4.193956E-12	        7.711019E-06	       -4.178946E-04	       -5.631658E-11	        4.030821E-08	        1.678102E-09	       -2.221506E-12	       -1.395157E-04	        3.948329E-09	       -7.620220E-06	        2.075120E-05	        7.315794E-08	        6.656292E-08	        1.868825E-08	        1.114774E-07	       -4.646575E-11	       -4.891222E-13	        3.388142E-10	        2.289517E-06	        1.027258E-08	        5.814592E-05	       -4.293373E-05	        7.879013E-05	        3.742872E-06	        2.368966E-06	       -5.224730E-08	        1.429449E-06	        1.117819E-06	       -1.242694E-07	        1.677532E-05	       -4.423512E-06	        2.114187E-08	       -5.122880E-07	        5.045929E-08	       -3.942905E-08	        7.987174E-13	       -2.294605E-14	        3.225988E-12	       -1.622610E-12	        1.504797E-04	       -4.604251E-06	        2.800973E-06	        6.026772E-12	        8.827472E+02	        6.004188E+05	        3.160661E-01	        7.095496E+04	        9.469404E-01	        1.301566E-04	        2.392211E+01	        1.750213E+02
        1.677662E-03	        3.766691E-02	        6.581475E-38	        1.936205E-18	        0.000000E+00	        0.000000E+00	        3.450410E-17	        0.000000E+00	        7.991548E-11	        8.448634E-06	        3.835736E-12	        8.551425E-10	        1.072178E-03	        2.576890E-01	        0.000000E+00	        3.595842E-09	        3.211362E-10	        7.326485E-02	        7.646047E-02	        1.413231E-09	        7.138736E-14	        4.424841E-17	        7.149759E-11	        5.261005E-07	        2.493341E-06	        1.504010E-09	        8.749465E-15	        4.644659E-05	        4.725026E-01	        2.125983E-14	        6.502860E-07	        1.612234E-10	        4.091523E-13	        7.889967E-02	        1.139692E-10	        8.198664E-08	        1.342316E-04	        5.409214E-09	        1.719287E-05	        6.964404E-09	        2.719674E-08	        4.738477E-13	        1.646493E-15	        2.415052E-11	        1.609480E-05	        8.353942E-09	        1.073635E-05	        4.305708E-04	        6.512007E-04	        2.103247E-04	        7.312632E-08	        6.936040E-10	        9.228104E-07	        2.039927E-06	        1.425376E-08	        2.221654E-04	        8.809996E-06	        2.823056E-07	        4.570527E-04	        1.240317E-06	        3.818701E-09	        2.837079E-14	        4.279462E-17	        2.660479E-05	        7.803915E-05	        1.143486E-04	        1.965510E-06	        1.738733E-06	        4.377114E-11	        0.000000E+00	        0.000000E+00	        0.000000E+00	        0.000000E+00	        0.000000E+00	        0.000000E+00	        0.000000E+00	       -6.617049E-07	       -7.595741E-06	       -2.465145E-10	       -1.353041E-07	       -7.474692E-05	       -1.348560E-05	        0.000000E+00	       -2.296819E-08	        6.950857E-10	        1.194188E-05	        1.919858E-06	        1.006337E-09	       -7.622023E-12	       -6.540180E-14	       -5.438796E-09	       -5.626758E-05	        2.179603E-07	       -5.103136E-08	       -8.760576E-12	        1.070081E-05	       -5.987810E-04	       -9.197427E-11	        5.663481E-08	        2.470023E-09	       -2.627130E-12	       -1.806168E-04	        4.586410E-09	       -1.340578E-05	        3.205386E-05	        1.018717E-07	        9.401289E-08	        3.370704E-08	        1.476212E-07	       -1.179319E-10	       -4.066781E-13	        5.261847E-10	        3.708239E-06	        1.520093E-08	        6.489922E-05	       -6.677747E-05	        1.153073E-04	        6.102953E-06	        2.550858E-06	       -8.874942E-08	        2.008694E-06	        1.661216E-06	       -1.808875E-07	        2.789926E-05	       -6.935369E-06	        3.541892E-08	       -9.613306E-07	        2.817023E-07	       -5.078356E-08	        9.247933E-13	       -5.921720E-14	        7.076137E-12	       -8.057770E-12	        2.211738E-04	       -3.999102E-06	        5.056838E-06	        1.154651E-11	        9.005707E+02	        5.848235E+05	        3.099742E-01	        1.037984E+05	        9.357222E-01	        1.353880E-04	        3.387536E+01	        2.042097E+02
        1.711900E-03	        4.528579E-02	        6.316353E-38	        1.900719E-18	        0.000000E+00	        0.000000E+00	        3.735052E-17	        0.000000E+00	        1.325053E-10	        1.017719E-05	        5.429939E-12	        1.180188E-09	        1.289060E-03	        2.556034E-01	        0.000000E+00	        4.406964E-09	        3.843196E-10	        7.655473E-02	        7.736267E-02	        1.739558E-09	        9.098561E-14	        9.275308E-17	        9.583912E-11	        6.923174E-07	        2.997199E-06	        2.052787E-09	        1.675514E-14	        5.579726E-05	        4.637058E-01	        3.257983E-14	        7.816633E-07	        1.902754E-10	        5.181542E-13	        7.726156E-02	        1.201151E-10	        1.218891E-07	        1.613092E-04	        6.288451E-09	        2.067008E-05	        8.299740E-09	        3.207677E-08	        8.709381E-13	        1.986691E-15	        2.848721E-11	        1.934243E-05	        9.990979E-09	        1.245831E-05	        5.178570E-04	        7.824971E-04	        2.528500E-04	        7.425602E-08	        1.128789E-09	        1.099908E-06	        2.447195E-06	        1.772336E-08	        2.669889E-04	        1.061164E-05	        3.392837E-07	        5.495054E-04	        1.491384E-06	        4.827366E-09	        2.924793E-14	        1.153493E-16	        3.198634E-05	        9.382453E-05	        1.364487E-04	        2.401140E-06	        2.073545E-06	        5.257260E-11	        0.000000E+00	        0.000000E+00	        0.000000E+00	        0.000000E+00	        0.000000E+00	        0.000000E+00	        0.000000E+00	       -1.309943E-06	       -1.083632E-05	       -3.873169E-10	       -2.296104E-07	       -1.184627E-04	       -1.857398E-05	        0.000000E+00	       -2.631799E-08	        1.151216E-09	        1.685276E-05	        2.712690E-06	        4.834560E-09	       -1.154029E-11	       -1.487071E-13	       -6.432352E-09	       -8.896496E-05	        3.518199E-07	       -6.089133E-08	       -1.937814E-11	        1.492606E-05	       -8.758933E-04	       -1.456762E-10	        7.817442E-08	        3.133483E-09	       -5.757262E-12	       -2.374829E-04	        4.600979E-09	       -2.397304E-05	        5.081455E-05	        1.278289E-07	        1.326063E-07	        5.752543E-08	        1.928880E-07	       -3.029911E-10	       -1.618869E-13	        6.744674E-10	        6.009745E-06	        2.210837E-08	        7.108157E-05	       -1.037932E-04	        1.721196E-04	        1.008263E-05	        2.417021E-06	       -1.501488E-07	        2.755113E-06	        2.438126E-06	       -2.592348E-07	        4.773947E-05	       -1.091247E-05	        5.758005E-08	       -1.760189E-06	        7.541292E-07	       -6.802384E-08	        9.257073E-13	       -1.624621E-13	        1.613362E-11	       -2.988102E-11	        3.258832E-04	       -7.639835E-07	        9.221383E-06	        2.252457E-11	        9.213833E+02	        5.668598E+05	        3.031575E-01	        1.538863E+05	        9.227203E-01	        1.416119E-04	        4.685701E+01	        2.348345E+02
        1.746138E-03	        5.398785E-02	        6.035481E-38	        1.859625E-18	        0.000000E+00	        0.000000E+00	        3.889808E-17	        0.000000E+00	        2.265834E-10	        1.216072E-05	        7.558513E-12	        1.654344E-09	        1.536783E-03	        2.532213E-01	        0.000000E+00	        5.356592E-09	        4.554445E-10	        8.031232E-02	        7.839314E-02	        2.109312E-09	        1.168947E-13	        2.000036E-16	        1.261424E-10	        9.177387E-07	        3.572411E-06	        2.746083E-09	        3.418065E-14	        6.646062E-05	        4.536591E-01	        4.974780E-14	        9.316521E-07	        2.208716E-10	        6.473071E-13	        7.539066E-02	        1.214884E-10	        1.847190E-07	        1.921985E-04	        7.193892E-09	        2.464150E-05	        9.759145E-09	        3.742462E-08	        1.697801E-12	        2.334666E-15	        3.266556E-11	        2.304697E-05	        1.183483E-08	        1.434552E-05	        6.176607E-04	        9.322765E-04	        3.014104E-04	        7.293469E-08	        1.829778E-09	        1.298076E-06	        2.909702E-06	        2.196213E-08	        3.181187E-04	        1.268047E-05	        4.042794E-07	        6.551046E-04	        1.777119E-06	        6.053777E-09	        2.858256E-14	        3.277962E-16	        3.813301E-05	        1.118542E-04	        1.612218E-04	        2.899816E-06	        2.442933E-06	        6.257858E-11	        0.000000E+00	        0.000000E+00	        0.000000E+00	        0.000000E+00	        0.000000E+00	        0.000000E+00	        0.000000E+00	       -2.674231E-06	       -1.519288E-05	       -5.849118E-10	       -3.929089E-07	       -1.877439E-04	       -2.594295E-05	        0.000000E+00	       -2.683845E-08	        1.935030E-09	        2.351367E-05	        3.901370E-06	        9.994451E-09	       -1.753260E-11	       -3.572449E-13	       -7.663607E-09	       -1.412834E-04	        5.692972E-07	       -7.576198E-08	       -4.588680E-11	        2.090416E-05	       -1.307437E-03	       -2.235495E-10	        1.058925E-07	        3.219085E-09	       -1.414830E-11	       -3.177659E-04	        3.893085E-09	       -4.326332E-05	        8.286467E-05	        1.355945E-07	        1.839555E-07	        9.417973E-08	        2.505169E-07	       -7.854596E-10	        3.192167E-13	        7.252598E-10	        9.728710E-06	        3.156407E-08	        7.664615E-05	       -1.614951E-04	        2.618515E-04	        1.691967E-05	        1.925477E-06	       -2.540703E-07	        3.676991E-06	        3.537898E-06	       -3.653141E-07	        8.362986E-05	       -1.722555E-05	        9.068861E-08	       -3.121376E-06	        1.624064E-06	       -9.794983E-08	        8.324135E-13	       -4.737500E-13	        3.809146E-11	       -1.010616E-10	        4.794222E-04	        8.728503E-06	        1.680170E-05	        4.473038E-11	        9.453600E+02	        5.464724E+05	        2.956750E-01	        2.309765E+05	        9.078699E-01	        1.489367E-04	        6.329999E+01	        2.661493E+02
        1.780376E-03	        6.378310E-02	        5.736625E-38	        1.813401E-18	        0.000000E+00	        0.000000E+00	        3.915022E-17	        0.000000E+00	        4.004844E-10	        1.440599E-05	        1.034836E-11	        2.359443E-09	        1.815636E-03	        2.505400E-01	        0.000000E+00	        6.448526E-09	        5.338025E-10	        8.454194E-02	        7.955305E-02	        2.518917E-09	        1.513431E-13	        4.443687E-16	        1.631735E-10	        1.226403E-06	        4.219442E-06	        3.606926E-09	        7.469746E-14	        7.844084E-05	        4.423511E-01	        7.569432E-14	        1.100396E-06	        2.527298E-10	        8.038275E-13	        7.328486E-02	        1.184404E-10	        2.857120E-07	        2.269081E-04	        8.111228E-09	        2.911164E-05	        1.129717E-08	        4.315897E-08	        3.482211E-12	        2.684322E-15	        3.656064E-11	        2.720934E-05	        1.387434E-08	        1.638640E-05	        7.301656E-04	        1.100601E-03	        3.560538E-04	        6.944050E-08	        2.954332E-09	        1.515810E-06	        3.426553E-06	        2.711137E-08	        3.755590E-04	        1.502614E-05	        4.773135E-07	        7.739740E-04	        2.096604E-06	        7.538356E-09	        2.654940E-14	        9.800929E-16	        4.505188E-05	        1.321488E-04	        1.884364E-04	        3.449213E-06	        2.835655E-06	        7.375120E-11	        0.000000E+00	        0.000000E+00	        0.000000E+00	        0.000000E+00	        0.000000E+00	        0.000000E+00	        0.000000E+00	       -5.641973E-06	       -2.092414E-05	       -8.454123E-10	       -6.787170E-07	       -2.972621E-04	       -3.678929E-05	        0.000000E+00	       -2.130424E-08	        3.274605E-09	        3.245550E-05	        5.718575E-06	        1.630932E-08	       -2.678918E-11	       -9.010039E-13	       -9.081861E-09	       -2.265807E-04	        9.239903E-07	       -1.044149E-07	       -1.176474E-10	        2.936855E-05	       -1.986429E-03	       -3.324883E-10	        1.405930E-07	        1.991918E-09	       -3.220734E-11	       -4.326574E-04	        2.612675E-09	       -7.742174E-05	        1.391812E-04	        9.880772E-08	        2.426973E-07	        1.498600E-07	        3.259987E-07	       -2.042227E-09	        1.109116E-12	        6.277390E-10	        1.571831E-05	        4.429562E-08	        8.208344E-05	       -2.523581E-04	        4.056484E-04	        2.893364E-05	        1.150234E-06	       -4.323892E-07	        4.757421E-06	        5.094553E-06	       -5.059196E-07	        1.488966E-04	       -2.727408E-05	        1.382710E-07	       -5.302131E-06	        3.068233E-06	       -1.535719E-07	        7.282294E-13	       -1.467049E-12	        9.266979E-11	       -3.300338E-10	        7.008638E-04	        3.136442E-05	        3.017884E-05	        9.020651E-11	        9.726139E+02	        5.236695E+05	        2.876157E-01	        3.503515E+05	        8.911540E-01	        1.574663E-04	        8.352032E+01	        2.973217E+02
        1.814614E-03	        7.465163E-02	        5.418917E-38	        1.762737E-18	        0.000000E+00	        0.000000E+00	        3.817971E-17	        0.000000E+00	        7.334604E-10	        1.691407E-05	        1.393992E-11	        3.429230E-09	        2.125059E-03	        2.475649E-01	        0.000000E+00	        7.677855E-09	        6.179527E-10	        8.923498E-02	        8.084005E-02	        2.962566E-09	        1.974802E-13	        1.019279E-15	        2.076467E-10	        1.654319E-06	        4.936672E-06	        4.669645E-09	        1.760286E-13	        9.170278E-05	        4.298054E-01	        1.147825E-13	        1.287516E-06	        2.865321E-10	        1.002116E-12	        7.094850E-02	        1.121522E-10	        4.503023E-07	        2.653229E-04	        9.057188E-09	        3.407132E-05	        1.284210E-08	        4.916147E-08	        7.440002E-12	        3.037775E-15	        4.020782E-11	        3.181594E-05	        1.608833E-08	        1.856427E-05	        8.552451E-04	        1.286961E-03	        4.166555E-04	        6.442683E-08	        4.755895E-09	        1.750713E-06	        3.994790E-06	        3.333247E-08	        4.390986E-04	        1.765487E-05	        5.581625E-07	        9.058748E-04	        2.447165E-06	        9.343929E-09	        2.353380E-14	        3.075356E-15	        5.272888E-05	        1.546673E-04	        2.176820E-04	        4.017146E-06	        3.231224E-06	        8.597128E-11	        0.000000E+00	        0.000000E+00	        0.000000E+00	        0.000000E+00	        0.000000E+00	        0.000000E+00	        0.000000E+00	       -1.223016E-05	       -2.830153E-05	       -1.140224E-09	       -1.180241E-06	       -4.688672E-04	       -5.301949E-05	        0.000000E+00	       -4.848215E-09	        5.524479E-09	        4.442209E-05	        8.551124E-06	        2.221385E-08	       -4.133207E-11	       -2.357875E-12	       -1.033150E-08	       -3.685250E-04	        1.501429E-06	       -1.660412E-07	       -3.291887E-10	        4.134703E-05	       -3.054118E-03	       -4.802377E-10	        1.825278E-07	       -1.618525E-09	       -6.856035E-11	       -5.977711E-04	        1.062895E-09	       -1.330509E-04	        2.403394E-04	       -1.765140E-08	        2.780824E-07	        2.347297E-07	        4.273028E-07	       -5.290609E-09	        2.265408E-12	        3.387106E-10	        2.535825E-05	        6.142123E-08	        8.876872E-05	       -3.979251E-04	        6.393383E-04	        5.059231E-05	        2.462168E-07	       -7.450555E-07	        5.935212E-06	        7.337017E-06	       -6.886160E-07	        2.667597E-04	       -4.330718E-05	        2.039164E-07	       -8.505589E-06	        5.193431E-06	       -2.550659E-07	        7.112162E-13	       -4.800006E-12	        2.311211E-10	       -1.064059E-09	        1.012041E-03	        7.740859E-05	        5.253939E-05	        1.833116E-10	        1.003190E+03	        4.985236E+05	        2.790926E-01	        5.351270E+05	        8.726064E-01	        1.673042E-04	        1.076395E+02	        3.274588E+02
        1.848852E-03	        8.654141E-02	        5.083247E-38	        1.708484E-18	        0.000000E+00	        0.000000E+00	        3.611728E-17	        0.000000E+00	        1.392869E-09	        1.967979E-05	        1.847085E-11	        5.083628E-09	        2.463579E-03	        2.443103E-01	        0.000000E+00	        9.026710E-09	        7.054495E-10	        9.436898E-02	        8.224798E-02	        3.433411E-09	        2.598524E-13	        2.413636E-15	        2.600608E-10	        2.256889E-06	        5.720202E-06	        5.997700E-09	        4.502277E-13	        1.061687E-04	        4.160827E-01	        1.735292E-13	        1.492076E-06	        3.247364E-10	        1.269730E-12	        6.839284E-02	        1.042696E-10	        7.176966E-07	        3.071838E-04	        1.010474E-08	        3.949674E-05	        1.428723E-08	        5.527120E-08	        1.638057E-11	        3.405850E-15	        4.385349E-11	        3.683689E-05	        1.844464E-08	        2.085613E-05	        9.924549E-04	        1.490210E-03	        4.829023E-04	        5.875490E-08	        7.650090E-09	        1.999615E-06	        4.609108E-06	        4.080669E-08	        5.082713E-04	        2.057059E-05	        6.463408E-07	        1.050180E-03	        2.824229E-06	        1.157363E-08	        2.000183E-14	        1.007783E-14	        6.112726E-05	        1.793016E-04	        2.483471E-04	        4.538891E-06	        3.596276E-06	        9.899211E-11	        0.000000E+00	        0.000000E+00	        0.000000E+00	        0.000000E+00	        0.000000E+00	        0.000000E+00	        0.000000E+00	       -2.367921E-05	       -3.757685E-05	       -1.386820E-09	       -1.912368E-06	       -7.320419E-04	       -7.780673E-05	        0.000000E+00	        2.900860E-08	        9.183338E-09	        6.058263E-05	        1.304213E-05	        2.067517E-08	       -6.475081E-11	       -5.259757E-12	       -1.100089E-08	       -6.092900E-04	        2.423858E-06	       -3.007104E-07	       -8.098583E-10	        5.821351E-05	       -4.700189E-03	       -6.688521E-10	        2.303977E-07	       -9.350925E-09	       -1.427203E-10	       -8.336733E-04	       -9.244759E-10	       -2.091550E-04	        4.233072E-04	       -2.550154E-07	        1.803458E-07	        3.620827E-07	        5.640017E-07	       -1.028268E-08	        3.787130E-12	       -4.751807E-10	        4.093081E-05	        8.499432E-08	        9.946638E-05	       -6.365126E-04	        1.024079E-03	        9.062351E-05	       -8.923445E-07	       -1.309502E-06	        7.079700E-06	        1.071171E-05	       -9.218214E-07	        4.749811E-04	       -6.892258E-05	        2.902171E-07	       -1.261692E-05	        7.842149E-06	       -4.320340E-07	        8.256803E-13	       -1.296727E-11	        5.886584E-10	       -3.412189E-09	        1.432374E-03	        1.531095E-04	        8.675095E-05	        3.689005E-10	        1.037064E+03	        4.711733E+05	        2.702340E-01	        8.170880E+05	        8.523161E-01	        1.785897E-04	        1.374378E+02	        3.581370E+02
        1.865971E-03	        9.290288E-02	        4.907543E-38	        1.680085E-18	        0.000000E+00	        0.000000E+00	        3.472509E-17	        0.000000E+00	        1.956897E-09	        2.117031E-05	        2.115701E-11	        6.258164E-09	        2.644713E-03	        2.425689E-01	        0.000000E+00	        9.739886E-09	        7.494681E-10	        9.711584E-02	        8.300126E-02	        3.680446E-09	        3.001313E-13	        3.786014E-15	        2.896022E-10	        2.661254E-06	        6.138768E-06	        6.818745E-09	        7.472393E-13	        1.138866E-04	        4.087417E-01	        2.135474E-13	        1.601458E-06	        3.477783E-10	        1.451822E-12	        6.702559E-02	        1.005327E-10	        9.113844E-07	        3.294746E-04	        1.073172E-08	        4.239947E-05	        1.492111E-08	        5.831780E-08	        2.450464E-11	        3.616696E-15	        4.599467E-11	        3.951227E-05	        1.967182E-08	        2.204491E-05	        1.066090E-03	        1.598589E-03	        5.183144E-04	        5.607382E-08	        9.797061E-09	        2.129236E-06	        4.933854E-06	        4.513569E-08	        5.450600E-04	        2.215408E-05	        6.933791E-07	        1.127394E-03	        3.022390E-06	        1.292556E-08	        1.819777E-14	        1.863794E-14	        6.562071E-05	        1.924819E-04	        2.640608E-04	        4.745422E-06	        3.750383E-06	        1.057009E-10	        0.000000E+00	        0.000000E+00	        0.000000E+00	        0.000000E+00	        0.000000E+00	        0.000000E+00	        0.000000E+00	       -3.948823E-05	       -4.304993E-05	       -1.326281E-09	       -2.747024E-06	       -9.097665E-04	       -9.484406E-05	        0.000000E+00	        5.512929E-08	        1.173301E-08	        7.097650E-05	        1.628074E-05	        2.084410E-08	       -8.207251E-11	       -9.994875E-12	       -9.415853E-09	       -7.966429E-04	        3.075773E-06	       -4.321332E-07	       -1.674536E-09	        6.916398E-05	       -5.842190E-03	       -7.961298E-10	        2.556860E-07	       -1.501253E-08	       -2.036145E-10	       -9.872900E-04	       -8.519759E-10	       -2.556490E-04	        5.668386E-04	       -3.913981E-07	       -1.550319E-08	        4.684243E-07	        6.494658E-07	       -1.969582E-08	        4.737310E-12	       -5.196480E-10	        5.253611E-05	        1.009921E-07	        1.081889E-04	       -8.147371E-04	        1.308961E-03	        1.230731E-04	       -8.254340E-07	       -1.794704E-06	        7.571667E-06	        1.314391E-05	       -1.062504E-06	        6.295193E-04	       -8.726137E-05	        3.417963E-07	       -1.536185E-05	        9.768517E-06	       -5.285375E-07	        1.001117E-12	       -2.831194E-11	        9.491850E-10	       -6.132462E-09	        1.687978E-03	        2.165476E-04	        1.082187E-04	        5.194655E-10	        1.055219E+03	        4.562269E+05	        2.657199E-01	        1.013447E+06	        8.414600E-01	        1.847960E-04	        1.541943E+02	        3.729171E+02
        1.883090E-03	        9.950023E-02	        4.728374E-38	        1.651143E-18	        0.000000E+00	        0.000000E+00	        3.312790E-17	        0.000000E+00	        2.773137E-09	        2.272417E-05	        2.411186E-11	        7.748701E-09	        2.832575E-03	        2.407630E-01	        0.000000E+00	        1.046888E-08	        7.927799E-10	        9.996454E-02	        8.378247E-02	        3.933432E-09	        3.476476E-13	        5.982541E-15	        3.210993E-10	        3.150800E-06	        6.572314E-06	        7.774203E-09	        1.269072E-12	        1.218736E-04	        4.011293E-01	        2.628905E-13	        1.714847E-06	        3.744085E-10	        1.677012E-12	        6.560773E-02	        9.695623E-11	        1.152775E-06	        3.524988E-04	        1.144876E-08	        4.540984E-05	        1.546044E-08	        6.130968E-08	        3.681388E-11	        3.843321E-15	        4.835295E-11	        4.227760E-05	        2.091841E-08	        2.325109E-05	        1.142641E-03	        1.710679E-03	        5.550106E-04	        5.351016E-08	        1.256084E-08	        2.261176E-06	        5.267479E-06	        4.987433E-08	        5.830206E-04	        2.381574E-05	        7.420532E-07	        1.207476E-03	        3.224976E-06	        1.445499E-08	        1.641109E-14	        3.476892E-14	        7.028079E-05	        2.061510E-04	        2.798220E-04	        4.892339E-06	        3.876538E-06	        1.124206E-10	        0.000000E+00	        0.000000E+00	        0.000000E+00	        0.000000E+00	        0.000000E+00	        0.000000E+00	        0.000000E+00	       -6.029339E-05	       -4.906483E-05	       -1.107824E-09	       -3.783704E-06	       -1.121750E-03	       -1.162172E-04	        0.000000E+00	        8.821097E-08	        1.486038E-08	        8.342876E-05	        2.042616E-05	        1.412678E-08	       -1.047426E-10	       -1.681766E-11	       -7.503160E-09	       -1.044656E-03	        3.867457E-06	       -6.272889E-07	       -3.105867E-09	        8.206882E-05	       -7.221725E-03	       -9.396930E-10	        2.799903E-07	       -2.278573E-08	       -2.967883E-10	       -1.169562E-03	       -1.089035E-09	       -2.953305E-04	        7.575785E-04	       -5.489728E-07	       -4.145298E-07	        5.978429E-07	        7.468563E-07	       -3.151702E-08	        5.746353E-12	       -8.631045E-10	        6.756141E-05	        1.206073E-07	        1.201244E-04	       -1.048543E-03	        1.679284E-03	        1.681643E-04	       -9.542674E-07	       -2.471595E-06	        7.959132E-06	        1.632926E-05	       -1.220525E-06	        8.287022E-04	       -1.105213E-04	        3.977890E-07	       -1.847819E-05	        1.214849E-05	       -6.348383E-07	        1.175929E-12	       -5.412668E-11	        1.540606E-09	       -1.099410E-08	        1.971659E-03	        2.853083E-04	        1.315823E-04	        7.199714E-10	        1.074183E+03	        4.407455E+05	        2.611665E-01	        1.252303E+06	        8.302013E-01	        1.913928E-04	        1.711766E+02	        3.860858E+02
        1.900209E-03	        1.063193E-01	        4.546368E-38	        1.621784E-18	        0.000000E+00	        0.000000E+00	        3.135281E-17	        0.000000E+00	        3.964085E-09	        2.433928E-05	        2.731714E-11	        9.658016E-09	        3.026763E-03	        2.388965E-01	        0.000000E+00	        1.120567E-08	        8.346384E-10	        1.029090E-01	        8.458993E-02	        4.192913E-09	        4.039691E-13	        9.523824E-15	        3.543552E-10	        3.747178E-06	        7.019762E-06	        8.909946E-09	        2.206157E-12	        1.301092E-04	        3.932622E-01	        3.240823E-13	        1.831996E-06	        4.060073E-10	        1.961807E-12	        6.414233E-02	        9.362112E-11	        1.448242E-06	        3.761746E-04	        1.228192E-08	        4.852149E-05	        1.586997E-08	        6.421278E-08	        5.548719E-11	        4.093299E-15	        5.101275E-11	        4.512418E-05	        2.217630E-08	        2.446872E-05	        1.222002E-03	        1.826150E-03	        5.929014E-04	        5.110495E-08	        1.614397E-08	        2.394983E-06	        5.608458E-06	        5.505323E-08	        6.220086E-04	        2.555744E-05	        7.922395E-07	        1.290255E-03	        3.430802E-06	        1.618607E-08	        1.467998E-14	        6.539213E-14	        7.509749E-05	        2.202795E-04	        2.954993E-04	        4.957160E-06	        3.966738E-06	        1.190425E-10	        0.000000E+00	        0.000000E+00	        0.000000E+00	        0.000000E+00	        0.000000E+00	        0.000000E+00	        0.000000E+00	       -9.257622E-05	       -5.560323E-05	       -6.108916E-10	       -5.313142E-06	       -1.367144E-03	       -1.429854E-04	        0.000000E+00	        1.284274E-07	        1.861833E-08	        9.863145E-05	        2.576700E-05	       -2.380908E-09	       -1.347236E-10	       -2.847690E-11	       -6.060310E-09	       -1.372537E-03	        4.799292E-06	       -9.168475E-07	       -5.887607E-09	        9.720649E-05	       -8.866494E-03	       -1.115254E-09	        3.009368E-07	       -3.305222E-08	       -4.369846E-10	       -1.386267E-03	       -1.252617E-09	       -3.134524E-04	        1.007586E-03	       -7.029398E-07	       -1.166795E-06	        7.499591E-07	        8.561293E-07	       -5.029754E-08	        6.832480E-12	       -1.272721E-09	        8.711328E-05	        1.449639E-07	        1.363859E-04	       -1.357387E-03	        2.161798E-03	        2.311844E-04	       -1.032921E-06	       -3.413259E-06	        8.196735E-06	        2.059558E-05	       -1.397778E-06	        1.081649E-03	       -1.400130E-04	        4.563428E-07	       -2.227357E-05	        1.554403E-05	       -7.243316E-07	        1.380678E-12	       -1.045705E-10	        2.520382E-09	       -1.963365E-08	        2.279129E-03	        3.524407E-04	        1.549189E-04	        9.760098E-10	        1.093934E+03	        4.247622E+05	        2.565909E-01	        1.540996E+06	        8.185643E-01	        1.983884E-04	        1.889366E+02	        3.984045E+02
        1.917328E-03	        1.133447E-01	        4.362225E-38	        1.592130E-18	        0.000000E+00	        0.000000E+00	        2.942692E-17	        0.000000E+00	        5.715090E-09	        2.601332E-05	        3.073093E-11	        1.213354E-08	        3.226843E-03	        2.369734E-01	        0.000000E+00	        1.194085E-08	        8.741860E-10	        1.059425E-01	        8.542182E-02	        4.461001E-09	        4.711052E-13	        1.527450E-14	        3.891999E-10	        4.478159E-06	        7.479935E-06	        1.029261E-08	        3.925278E-12	        1.385710E-04	        3.851584E-01	        4.009431E-13	        1.952635E-06	        4.443611E-10	        2.330474E-12	        6.263271E-02	        9.058654E-11	        1.800532E-06	        4.004071E-04	        1.325594E-08	        5.172757E-05	        1.610975E-08	        6.699068E-08	        8.384901E-11	        4.377069E-15	        5.407307E-11	        4.804211E-05	        2.343614E-08	        2.569078E-05	        1.304063E-03	        1.944625E-03	        6.318864E-04	        4.888643E-08	        2.082034E-08	        2.530244E-06	        5.954977E-06	        6.070472E-08	        6.618583E-04	        2.738195E-05	        8.438051E-07	        1.375545E-03	        3.638376E-06	        1.813781E-08	        1.303547E-14	        1.239343E-13	        8.005994E-05	        2.348355E-04	        3.109546E-04	        4.918421E-06	        4.013216E-06	        1.254341E-10	        0.000000E+00	        0.000000E+00	        0.000000E+00	        0.000000E+00	        0.000000E+00	        0.000000E+00	        0.000000E+00	       -1.545832E-04	       -6.261802E-05	        4.850995E-10	       -8.069775E-06	       -1.638086E-03	       -1.763020E-04	        0.000000E+00	        1.751634E-07	        2.302234E-08	        1.176609E-04	        3.270574E-05	       -3.197141E-08	       -1.748126E-10	       -5.552275E-11	       -8.751667E-09	       -1.802791E-03	        5.844215E-06	       -1.341316E-06	       -1.435332E-08	        1.148699E-04	       -1.080432E-02	       -1.387080E-09	        3.147022E-07	       -4.566411E-08	       -6.548492E-10	       -1.646580E-03	       -7.012561E-10	       -2.824435E-04	        1.328533E-03	       -7.827374E-07	       -2.520406E-06	        9.169214E-07	        9.764426E-07	       -1.019794E-07	        8.058160E-12	       -1.140873E-09	        1.126873E-04	        1.754950E-07	        1.583010E-04	       -1.767928E-03	        2.791434E-03	        3.197291E-04	       -7.076320E-07	       -4.690477E-06	        8.240374E-06	        2.641948E-05	       -1.596640E-06	        1.398125E-03	       -1.773830E-04	        5.140902E-07	       -2.764809E-05	        2.135170E-05	       -7.308170E-07	        1.630481E-12	       -2.560083E-10	        4.164829E-09	       -3.482480E-08	        2.603851E-03	        4.060904E-04	        1.752154E-04	        1.284460E-09	        1.114447E+03	        4.083124E+05	        2.520093E-01	        1.888748E+06	        8.065752E-01	        2.057903E-04	        2.058598E+02	        4.083172E+02
        1.951566E-03	        1.278100E-01	        3.992478E-38	        1.532895E-18	        0.000000E+00	        0.000000E+00	        2.525046E-17	        0.000000E+00	        1.184940E-08	        2.949279E-05	        3.783079E-11	        1.946102E-08	        3.638858E-03	        2.330140E-01	        0.000000E+00	        1.336046E-08	        9.428457E-10	        1.121884E-01	        8.713464E-02	        5.029226E-09	        6.434868E-13	        3.889684E-14	        4.632689E-10	        6.425120E-06	        8.424563E-06	        1.403689E-08	        1.294881E-11	        1.559148E-04	        3.684773E-01	        6.277309E-13	        2.200864E-06	        5.464518E-10	        3.415390E-12	        5.952486E-02	        8.508126E-11	        2.650420E-06	        4.496937E-04	        1.563330E-08	        5.833056E-05	        1.596083E-08	        7.200895E-08	        1.927446E-10	        5.031188E-15	        6.121245E-11	        5.399482E-05	        2.590396E-08	        2.809838E-05	        1.474151E-03	        2.186740E-03	        7.119470E-04	        4.485259E-08	        3.435525E-08	        2.801215E-06	        6.650764E-06	        7.338248E-08	        7.427210E-04	        3.124860E-05	        9.495245E-07	        1.551178E-03	        4.048003E-06	        2.264676E-08	        1.008329E-14	        4.405338E-13	        9.027755E-05	        2.648061E-04	        3.404806E-04	        4.487783E-06	        3.957276E-06	        1.369587E-10	        0.000000E+00	        0.000000E+00	        0.000000E+00	        0.000000E+00	        0.000000E+00	        0.000000E+00	        0.000000E+00	       -2.877358E-04	       -7.759599E-05	        2.658883E-09	       -1.466002E-05	       -2.172236E-03	       -2.730600E-04	        0.000000E+00	        2.797799E-07	        3.347707E-08	        1.729975E-04	        5.310778E-05	       -1.494905E-07	       -2.995955E-10	       -1.254622E-10	       -4.078534E-08	       -3.017368E-03	        7.942122E-06	       -2.626136E-06	       -4.448845E-08	        1.576449E-04	       -1.542685E-02	       -2.154790E-09	        2.933880E-07	       -8.314940E-08	       -1.243918E-09	       -2.355902E-03	       -2.108072E-09	       -9.399515E-05	        2.210290E-03	       -9.853857E-07	       -8.508669E-06	        1.147129E-06	        1.239417E-06	       -2.231089E-07	        1.046838E-11	       -2.472446E-09	        1.865130E-04	        2.584457E-07	        2.228512E-04	       -3.001884E-03	        4.633822E-03	        6.080723E-04	       -1.401155E-06	       -8.182512E-06	        7.635922E-06	        4.461213E-05	       -2.063716E-06	        2.269058E-03	       -2.826168E-04	        6.035565E-07	       -3.723914E-05	        3.872283E-05	       -6.680371E-07	        2.047066E-12	       -7.647154E-10	        1.168890E-08	       -1.042656E-07	        3.263384E-03	        3.841500E-04	        1.908076E-04	        1.973105E-09	        1.157645E+03	        3.754515E+05	        2.428853E-01	        2.753003E+06	        7.818897E-01	        2.218157E-04	        2.401046E+02	        4.247452E+02
        1.985804E-03	        1.428644E-01	        3.622891E-38	        1.473701E-18	        0.000000E+00	        0.000000E+00	        2.075659E-17	        0.000000E+00	        2.427375E-08	        3.316590E-05	        4.472633E-11	        3.228509E-08	        4.067749E-03	        2.288933E-01	        0.000000E+00	        1.464506E-08	        9.904954E-10	        1.186886E-01	        8.891718E-02	        5.712843E-09	        8.980249E-13	        9.739908E-14	        5.527924E-10	        9.399784E-06	        9.402686E-06	        2.018639E-08	        4.430233E-11	        1.738267E-04	        3.511251E-01	        1.064656E-12	        2.459009E-06	        7.066732E-10	        5.338006E-12	        5.629120E-02	        8.169469E-11	        3.588072E-06	        4.996919E-04	        1.870826E-08	        6.521000E-05	        1.477558E-08	        7.609009E-08	        4.479310E-10	        5.929585E-15	        7.093835E-11	        6.007278E-05	        2.823407E-08	        3.040801E-05	        1.653619E-03	        2.434837E-03	        7.947597E-04	        4.194027E-08	        5.718129E-08	        3.074278E-06	        7.336592E-06	        8.830284E-08	        8.244074E-04	        3.549757E-05	        1.058868E-06	        1.734005E-03	        4.433016E-06	        2.791503E-08	        7.704829E-15	        1.529462E-12	        1.009114E-04	        2.959978E-04	        3.675192E-04	        3.614429E-06	        3.687314E-06	        1.457307E-10	        0.000000E+00	        0.000000E+00	        0.000000E+00	        0.000000E+00	        0.000000E+00	        0.000000E+00	        0.000000E+00	       -4.858215E-04	       -9.326915E-05	        4.686189E-09	       -2.663346E-05	       -2.405206E-03	       -4.331418E-04	        0.000000E+00	        3.750389E-07	        4.467161E-08	        2.711554E-04	        8.789843E-05	       -3.677076E-07	       -5.359914E-10	       -2.570386E-10	       -1.678035E-07	       -4.923552E-03	        8.959244E-06	       -4.944334E-06	       -1.213551E-07	        2.115820E-04	       -2.134519E-02	       -3.774983E-09	        1.385008E-07	       -1.408092E-07	       -2.185178E-09	       -3.503634E-03	       -3.226221E-09	        2.453086E-04	        3.401011E-03	       -1.039773E-06	       -2.337712E-05	        1.076280E-06	        1.517471E-06	       -4.493266E-07	        1.297493E-11	       -3.690555E-09	        3.125501E-04	        3.867862E-07	        3.248035E-04	       -5.099798E-03	        7.677401E-03	        1.142992E-03	       -1.848870E-06	       -1.351163E-05	        6.145805E-06	        7.625694E-05	       -2.660291E-06	        3.580166E-03	       -4.482944E-04	        5.967389E-07	       -3.495935E-05	        7.208241E-05	       -2.695207E-07	        2.429122E-12	       -1.967155E-09	        3.441936E-08	       -2.830627E-07	        3.921706E-03	        1.858182E-04	        1.475732E-04	        2.473103E-09	        1.203455E+03	        3.413516E+05	        2.339191E-01	        3.931297E+06	        7.561987E-01	        2.395020E-04	        2.819118E+02	        4.429212E+02
        2.002923E-03	        1.506444E-01	        3.439682E-38	        1.444071E-18	        0.000000E+00	        0.000000E+00	        1.842728E-17	        0.000000E+00	        3.444675E-08	        3.508707E-05	        4.793221E-11	        4.238696E-08	        4.289432E-03	        2.267639E-01	        0.000000E+00	        1.521384E-08	        1.003436E-09	        1.220478E-01	        8.983835E-02	        6.148756E-09	        1.079041E-12	        1.530159E-13	        6.173484E-10	        1.150626E-05	        9.906100E-06	        2.492419E-08	        8.249898E-11	        1.830149E-04	        3.421619E-01	        1.469453E-12	        2.592381E-06	        8.230839E-10	        6.843770E-12	        5.462051E-02	        8.120874E-11	        4.021651E-06	        5.247968E-04	        2.053091E-08	        6.877278E-05	        1.380814E-08	        7.768508E-08	        6.879365E-10	        6.545569E-15	        7.722232E-11	        6.314153E-05	        2.930709E-08	        3.149651E-05	        1.747897E-03	        2.560685E-03	        8.372042E-04	        4.105080E-08	        7.428707E-08	        3.212745E-06	        7.666939E-06	        9.683197E-08	        8.651885E-04	        3.782455E-05	        1.115128E-06	        1.828501E-03	        4.603711E-06	        3.072390E-08	        6.752353E-15	        2.813831E-12	        1.064068E-04	        3.121175E-04	        3.798613E-04	        3.087829E-06	        3.487566E-06	        1.487787E-10	        0.000000E+00	        0.000000E+00	        0.000000E+00	        0.000000E+00	        0.000000E+00	        0.000000E+00	        0.000000E+00	       -6.904982E-04	       -1.012457E-04	        6.150730E-09	       -4.144017E-05	       -2.226382E-03	       -5.489088E-04	        0.000000E+00	        4.075447E-07	        4.957633E-08	        3.491150E-04	        1.145618E-04	       -5.433863E-07	       -7.355994E-10	       -4.360110E-10	       -3.840250E-07	       -6.267438E-03	        8.378363E-06	       -6.878900E-06	       -2.636029E-07	        2.444678E-04	       -2.515036E-02	       -6.073227E-09	       -2.153867E-08	       -1.781098E-07	       -3.073790E-09	       -4.362572E-03	       -1.511594E-09	        5.106559E-04	        4.071865E-03	       -6.605295E-07	       -3.676288E-05	        8.722220E-07	        1.662820E-06	       -8.777817E-07	        1.451601E-11	       -2.165689E-09	        4.104949E-04	        4.766346E-07	        3.930879E-04	       -6.635015E-03	        9.886849E-03	        1.557081E-03	       -8.450523E-07	       -1.758429E-05	        5.199546E-06	        9.911814E-05	       -3.030294E-06	        4.490038E-03	       -5.648468E-04	        5.219244E-07	       -2.107630E-05	        1.023246E-04	        3.190312E-07	        2.627578E-12	       -4.037856E-09	        6.031487E-08	       -4.406117E-07	        4.288277E-03	        1.937344E-05	        1.019090E-04	        2.542889E-09	        1.227248E+03	        3.232069E+05	        2.295250E-01	        4.709736E+06	        7.429219E-01	        2.489896E-04	        3.034137E+02	        4.506625E+02
        2.020043E-03	        1.585249E-01	        3.258855E-38	        1.414709E-18	        0.000000E+00	        0.000000E+00	        1.608258E-17	        0.000000E+00	        4.823785E-08	        3.704933E-05	        5.085068E-11	        5.615356E-08	        4.514001E-03	        2.246070E-01	        0.000000E+00	        1.572245E-08	        1.008071E-09	        1.254503E-01	        9.077139E-02	        6.669889E-09	        1.306774E-12	        2.374641E-13	        7.099341E-10	        1.411343E-05	        1.041475E-05	        3.114125E-08	        1.528385E-10	        1.922702E-04	        3.330863E-01	        2.120207E-12	        2.727480E-06	        9.687766E-10	        8.840123E-12	        5.292859E-02	        8.113622E-11	        4.391472E-06	        5.496521E-04	        2.247451E-08	        7.238934E-05	        1.264060E-08	        7.893257E-08	        1.064968E-09	        7.272158E-15	        8.408311E-11	        6.618790E-05	        3.028836E-08	        3.251595E-05	        1.844696E-03	        2.686169E-03	        8.798837E-04	        4.034521E-08	        9.612998E-08	        3.351536E-06	        7.981099E-06	        1.060805E-07	        9.053215E-04	        4.028959E-05	        1.171973E-06	        1.924223E-03	        4.750379E-06	        3.350415E-08	        5.956069E-15	        5.089922E-12	        1.119732E-04	        3.284456E-04	        3.911973E-04	        2.549690E-06	        3.258058E-06	        1.508680E-10	        0.000000E+00	        0.000000E+00	        0.000000E+00	        0.000000E+00	        0.000000E+00	        0.000000E+00	        0.000000E+00	       -9.457025E-04	       -1.091680E-04	        6.702454E-09	       -6.388665E-05	       -1.705572E-03	       -6.997814E-04	        0.000000E+00	        4.215268E-07	        5.325725E-08	        4.549964E-04	        1.500548E-04	       -7.593532E-07	       -1.020982E-09	       -7.410182E-10	       -7.892916E-07	       -7.883643E-03	        6.596681E-06	       -9.356888E-06	       -6.038720E-07	        2.821713E-04	       -2.976055E-02	       -1.070961E-08	       -2.592571E-07	       -2.219548E-07	       -4.273505E-09	       -5.503649E-03	       -9.457936E-11	        7.327725E-04	        4.755125E-03	       -2.213350E-07	       -5.571123E-05	        5.568839E-07	        1.811462E-06	       -1.917029E-06	        1.620948E-11	       -1.905446E-10	        5.378434E-04	        5.833253E-07	        4.712089E-04	       -8.556275E-03	        1.266054E-02	        2.097824E-03	       -6.345882E-08	       -2.237628E-05	        4.203968E-06	        1.263041E-04	       -3.458375E-06	        5.647493E-03	       -7.096333E-04	        3.731903E-07	        2.360059E-05	        1.350926E-04	        9.725308E-07	        2.752202E-12	       -8.445027E-09	        1.065661E-07	       -6.455422E-07	        4.698735E-03	       -1.424606E-04	        4.383422E-05	        2.464122E-09	        1.251604E+03	        3.048356E+05	        2.251983E-01	        5.640473E+06	        7.294735E-01	        2.589092E-04	        3.206082E+02	        4.542950E+02
        2.054281E-03	        1.743630E-01	        2.906776E-38	        1.357551E-18	        0.000000E+00	        0.000000E+00	        1.144314E-17	        0.000000E+00	        8.971697E-08	        4.104362E-05	        5.569073E-11	        9.952255E-08	        4.965389E-03	        2.202722E-01	        0.000000E+00	        1.654346E-08	        9.911643E-10	        1.322885E-01	        9.264651E-02	        8.037125E-09	        1.941940E-12	        5.448027E-13	        1.056646E-09	        2.106905E-05	        1.143417E-05	        4.919270E-08	        5.057307E-10	        2.106998E-04	        3.148573E-01	        4.901724E-12	        2.999120E-06	        1.361299E-09	        1.474066E-11	        4.952947E-02	        8.123001E-11	        4.848059E-06	        5.976750E-04	        2.647714E-08	        7.969178E-05	        9.950783E-09	        8.028452E-08	        2.635000E-09	        9.004762E-15	        9.808002E-11	        7.207637E-05	        3.188817E-08	        3.427781E-05	        2.044078E-03	        2.931024E-03	        9.644438E-04	        3.902553E-08	        1.565886E-07	        3.627069E-06	        8.537409E-06	        1.266712E-07	        9.817234E-04	        4.563464E-05	        1.285926E-06	        2.116588E-03	        4.945387E-06	        3.851689E-08	        4.819960E-15	        1.557393E-11	        1.231603E-04	        3.612624E-04	        4.103014E-04	        1.578962E-06	        2.763120E-06	        1.522813E-10	        0.000000E+00	        0.000000E+00	        0.000000E+00	        0.000000E+00	        0.000000E+00	        0.000000E+00	        0.000000E+00	       -1.438305E-03	       -1.246645E-04	        1.544922E-09	       -1.166280E-04	        8.746935E-04	       -1.170999E-03	        0.000000E+00	        3.700929E-07	        5.429454E-08	        7.822130E-04	        2.570997E-04	       -1.305348E-06	       -1.999092E-09	       -1.532283E-09	       -2.056806E-06	       -1.191452E-02	       -2.098304E-06	       -1.571851E-05	       -1.666499E-06	        3.753026E-04	       -4.249443E-02	       -2.515189E-08	       -1.043671E-06	       -3.557138E-07	       -7.102602E-09	       -8.928538E-03	       -1.191453E-09	        7.106132E-04	        6.025334E-03	       -8.202558E-07	       -1.145598E-04	       -2.166876E-07	        2.116538E-06	       -4.798826E-06	        1.906153E-11	       -4.603115E-10	        8.906459E-04	        8.309946E-07	        6.434581E-04	       -1.364238E-02	        2.016305E-02	        3.641743E-03	       -5.055645E-07	       -3.286485E-05	        2.340812E-06	        1.856638E-04	       -4.522327E-06	        9.057525E-03	       -1.101919E-03	       -2.366736E-07	        3.490309E-04	        1.459498E-04	        1.191042E-06	        2.703805E-12	       -2.037400E-08	        3.330614E-07	       -1.021162E-06	        5.719362E-03	       -3.047835E-04	       -8.424260E-05	        1.949544E-09	        1.301868E+03	        2.690856E+05	        2.167725E-01	        8.007079E+06	        7.024452E-01	        2.800239E-04	        3.530071E+02	        4.583725E+02
        2.088519E-03	        1.903817E-01	        2.570311E-38	        1.302018E-18	        0.000000E+00	        0.000000E+00	        6.889300E-18	        0.000000E+00	        1.584843E-07	        4.515738E-05	        6.081726E-11	        1.801010E-07	        5.421890E-03	        2.158884E-01	        0.000000E+00	        1.714768E-08	        9.398323E-10	        1.392043E-01	        9.454280E-02	        1.012268E-08	        3.029472E-12	        1.218467E-12	        1.942640E-09	        3.142493E-05	        1.246638E-05	        7.940427E-08	        1.610850E-09	        2.290470E-04	        2.964411E-01	        1.262519E-11	        3.274476E-06	        1.962915E-09	        2.472569E-11	        4.609425E-02	        8.256835E-11	        4.954120E-06	        6.431118E-04	        3.097270E-08	        8.716674E-05	        7.408947E-09	        7.992316E-08	        6.851926E-09	        1.132291E-14	        1.127521E-10	        7.753545E-05	        3.282686E-08	        3.555779E-05	        2.255610E-03	        3.163694E-03	        1.047263E-03	        3.815190E-08	        2.489073E-07	        3.903310E-06	        8.958698E-06	        1.508513E-07	        1.050252E-03	        5.181792E-05	        1.401416E-06	        2.310821E-03	        5.004634E-06	        4.268531E-08	        4.304306E-15	        4.447778E-11	        1.344744E-04	        3.944547E-04	        4.238879E-04	        8.989101E-07	        2.345458E-06	        1.508879E-10	        0.000000E+00	        0.000000E+00	        0.000000E+00	        0.000000E+00	        0.000000E+00	        0.000000E+00	        0.000000E+00	       -2.318780E-03	       -1.416476E-04	       -9.495765E-09	       -2.225615E-04	        6.531920E-03	       -1.994545E-03	        0.000000E+00	        2.232960E-07	        4.415870E-08	        1.356310E-03	        4.457020E-04	       -2.157366E-06	       -4.118648E-09	       -3.755785E-09	       -5.194979E-06	       -1.754462E-02	       -2.062020E-05	       -2.573588E-05	       -5.090328E-06	        5.181792E-04	       -6.341147E-02	       -6.569768E-08	       -2.260685E-06	       -5.758303E-07	       -1.245460E-08	       -1.450598E-02	       -9.555951E-10	        4.646167E-04	        7.107666E-03	       -2.008659E-06	       -2.100049E-04	       -7.450018E-07	        2.493625E-06	       -1.446024E-05	        2.182371E-11	        4.322342E-10	        1.433870E-03	        1.120103E-06	        8.324078E-04	       -2.075743E-02	        3.115814E-02	        6.071399E-03	       -2.785378E-07	       -4.552237E-05	        1.073803E-06	        2.417829E-04	       -6.004892E-06	        1.469814E-02	       -1.686608E-03	       -1.464929E-06	        1.215073E-03	        9.862246E-05	        9.297022E-07	        2.345375E-12	       -5.344727E-08	        1.038848E-06	       -5.026724E-08	        7.255427E-03	       -2.919473E-04	       -1.833274E-04	        1.314385E-09	        1.353880E+03	        2.329512E+05	        2.087042E-01	        1.142528E+07	        6.751088E-01	        3.028530E-04	        3.874669E+02	        4.617700E+02
        2.122757E-03	        2.064559E-01	        2.252378E-38	        1.248361E-18	        0.000000E+00	        0.000000E+00	        2.491076E-18	        0.000000E+00	        2.690440E-07	        4.936613E-05	        6.914525E-11	        3.282767E-07	        5.879740E-03	        2.114901E-01	        0.000000E+00	        1.762302E-08	        8.615825E-10	        1.461434E-01	        9.644532E-02	        1.332966E-08	        5.001820E-12	        2.747479E-12	        4.129847E-09	        4.651451E-05	        1.351321E-05	        1.285226E-07	        4.926967E-09	        2.470699E-04	        2.779903E-01	        3.373739E-11	        3.552079E-06	        2.884747E-09	        4.151779E-11	        4.265126E-02	        8.488518E-11	        4.837657E-06	        6.851553E-04	        3.652882E-08	        9.482487E-05	        5.435009E-09	        7.760407E-08	        1.858864E-08	        1.432556E-14	        1.273168E-10	        8.224562E-05	        3.288916E-08	        3.621841E-05	        2.482314E-03	        3.374941E-03	        1.126038E-03	        3.754816E-08	        3.830760E-07	        4.179439E-06	        9.204608E-06	        1.793945E-07	        1.105385E-03	        5.916554E-05	        1.518717E-06	        2.504645E-03	        4.974655E-06	        4.619446E-08	        4.408487E-15	        1.198229E-10	        1.458259E-04	        4.277623E-04	        4.305324E-04	        4.940436E-07	        2.099671E-06	        1.476615E-10	        0.000000E+00	        0.000000E+00	        0.000000E+00	        0.000000E+00	        0.000000E+00	        0.000000E+00	        0.000000E+00	       -3.790975E-03	       -1.629590E-04	       -3.003463E-08	       -4.165015E-04	        1.696393E-02	       -3.432739E-03	        0.000000E+00	        1.456277E-08	        2.352879E-08	        2.342135E-03	        7.735813E-04	       -3.537796E-06	       -8.930832E-09	       -1.003421E-08	       -1.210902E-05	       -2.529479E-02	       -5.378924E-05	       -4.098404E-05	       -1.471715E-05	        7.479624E-04	       -9.669203E-02	       -1.694277E-07	       -3.813359E-06	       -9.605545E-07	       -2.224287E-08	       -2.302132E-02	       -8.769212E-10	        1.850271E-04	        8.086719E-03	       -3.981697E-06	       -3.501133E-04	       -8.425093E-07	        2.914892E-06	       -4.266935E-05	        2.340698E-11	        8.711205E-10	        2.208567E-03	        1.403691E-06	        1.026639E-03	       -3.008592E-02	        4.651296E-02	        9.800046E-03	       -1.537246E-07	       -5.569134E-05	        8.107202E-07	        2.774539E-04	       -8.137151E-06	        2.351831E-02	       -2.543165E-03	       -3.671541E-06	        3.067044E-03	        1.767623E-05	        3.056102E-07	        1.528594E-12	       -1.352663E-07	        3.174833E-06	        7.734061E-06	        9.404183E-03	       -1.994625E-04	       -2.300652E-04	        8.177589E-10	        1.407330E+03	        1.966918E+05	        2.010249E-01	        1.621009E+07	        6.476774E-01	        3.273861E-04	        4.187810E+02	        4.617296E+02
        2.156995E-03	        2.224718E-01	        1.954550E-38	        1.196717E-18	        0.000000E+00	        0.000000E+00	        0.000000E+00	        0.000000E+00	        4.445184E-07	        5.364880E-05	        8.574226E-11	        5.969818E-07	        6.335342E-03	        2.071088E-01	        0.000000E+00	        1.808867E-08	        7.699379E-10	        1.530561E-01	        9.834034E-02	        1.827920E-08	        8.802748E-12	        6.462083E-12	        9.215920E-09	        6.805719E-05	        1.458386E-05	        2.062324E-07	        1.438974E-08	        2.644894E-04	        2.596497E-01	        8.966134E-11	        3.830763E-06	        4.313038E-09	        6.988539E-11	        3.922710E-02	        8.804046E-11	        4.637106E-06	        7.231640E-04	        4.404806E-08	        1.027070E-04	        4.093626E-09	        7.309601E-08	        5.121857E-08	        1.813808E-14	        1.413760E-10	        8.580224E-05	        3.189203E-08	        3.613739E-05	        2.728302E-03	        3.553533E-03	        1.197807E-03	        3.711522E-08	        5.657064E-07	        4.453787E-06	        9.254635E-06	        2.134060E-07	        1.139358E-03	        6.814234E-05	        1.638987E-06	        2.695138E-03	        4.929669E-06	        4.948281E-08	        5.172543E-15	        3.081472E-10	        1.571309E-04	        4.609391E-04	        4.284482E-04	        2.730294E-07	        2.063776E-06	        1.433538E-10	        0.000000E+00	        0.000000E+00	        0.000000E+00	        0.000000E+00	        0.000000E+00	        0.000000E+00	        0.000000E+00	       -6.197082E-03	       -1.927005E-04	       -7.044825E-08	       -7.634031E-04	        3.476656E-02	       -5.902507E-03	        0.000000E+00	       -2.123901E-07	       -1.421746E-09	        4.017324E-03	        1.331311E-03	       -5.820398E-06	       -2.036695E-08	       -2.842737E-08	       -2.640354E-05	       -3.557880E-02	       -1.090772E-04	       -6.330685E-05	       -3.919568E-05	        1.109743E-03	       -1.461536E-01	       -4.253703E-07	       -5.305966E-06	       -1.633252E-06	       -3.995541E-08	       -3.536761E-02	       -8.961982E-10	       -3.926058E-06	        9.181192E-03	       -6.707152E-06	       -5.387263E-04	       -6.869044E-07	        3.128755E-06	       -1.179453E-04	        2.258715E-11	        1.306818E-09	        3.214781E-03	        1.590324E-06	        1.213249E-03	       -4.142720E-02	        6.679593E-02	        1.538235E-02	       -9.882726E-08	       -5.223216E-05	        2.343358E-06	        2.805442E-04	       -1.130380E-05	        3.608122E-02	       -3.779370E-03	       -7.449986E-06	        6.556752E-03	       -4.663610E-05	       -3.294098E-07	        1.361723E-13	       -3.313487E-07	        9.332631E-06	        3.938842E-05	        1.203325E-02	       -1.155949E-04	       -2.304311E-04	        5.018425E-10	        1.461909E+03	        1.605446E+05	        1.937530E-01	        2.254011E+07	        6.203458E-01	        3.535981E-04	        4.461817E+02	        4.585908E+02
        2.191233E-03	        2.383279E-01	        1.677208E-38	        1.147133E-18	        0.000000E+00	        0.000000E+00	        0.000000E+00	        0.000000E+00	        7.209269E-07	        5.799018E-05	        1.201924E-10	        1.076345E-06	        6.785248E-03	        2.027729E-01	        0.000000E+00	        1.866519E-08	        6.800241E-10	        1.598980E-01	        1.002155E-01	        2.595238E-08	        1.659009E-11	        1.612077E-11	        2.034347E-08	        9.818428E-05	        1.569772E-05	        3.258864E-07	        3.957355E-08	        2.809679E-04	        2.415546E-01	        2.324533E-10	        4.109465E-06	        6.560210E-09	        1.180920E-10	        3.584642E-02	        9.196689E-11	        4.441503E-06	        7.565568E-04	        5.469623E-08	        1.108831E-04	        3.255765E-09	        6.636585E-08	        1.382625E-07	        2.291583E-14	        1.545615E-10	        8.773327E-05	        2.975130E-08	        3.521740E-05	        2.998451E-03	        3.686323E-03	        1.258724E-03	        3.680429E-08	        7.909844E-07	        4.723238E-06	        9.114643E-06	        2.545191E-07	        1.142077E-03	        7.939507E-05	        1.764681E-06	        2.878331E-03	        4.924698E-06	        5.296760E-08	        6.700700E-15	        7.623653E-10	        1.683080E-04	        4.937370E-04	        4.156781E-04	        1.560162E-07	        2.229462E-06	        1.384443E-10	        0.000000E+00	        0.000000E+00	        0.000000E+00	        0.000000E+00	        0.000000E+00	        0.000000E+00	        0.000000E+00	       -1.002963E-02	       -2.371931E-04	       -1.572026E-07	       -1.368878E-03	        6.368933E-02	       -1.005163E-02	        0.000000E+00	       -4.247754E-07	       -2.227438E-08	        6.844383E-03	        2.252610E-03	       -9.609500E-06	       -4.866350E-08	       -8.225961E-08	       -5.422091E-05	       -4.841014E-02	       -1.973629E-04	       -9.446980E-05	       -9.341362E-05	        1.646517E-03	       -2.129490E-01	       -1.033153E-06	       -5.798384E-06	       -2.807871E-06	       -7.162889E-08	       -5.253524E-02	       -8.915523E-10	       -1.054379E-04	        1.069891E-02	       -1.031201E-05	       -7.696055E-04	       -4.882118E-07	        2.613134E-06	       -2.937125E-04	        1.814164E-11	        2.213423E-09	        4.373090E-03	        1.549152E-06	        1.368959E-03	       -5.369747E-02	        9.178513E-02	        2.339044E-02	       -5.914710E-08	       -2.303380E-05	        7.324735E-06	        2.504983E-04	       -1.613541E-05	        5.162251E-02	       -5.536228E-03	       -1.375867E-05	        1.245325E-02	       -7.086217E-05	       -7.860173E-07	       -1.981361E-12	       -7.844367E-07	        2.580462E-05	        1.387243E-04	        1.468868E-02	       -6.245353E-05	       -1.981238E-04	        3.176902E-10	        1.517306E+03	        1.247221E+05	        1.868958E-01	        3.017270E+07	        5.932868E-01	        3.814478E-04	        4.691005E+02	        4.527305E+02
        2.225471E-03	        2.539364E-01	        1.419804E-38	        1.099586E-18	        0.000000E+00	        0.000000E+00	        0.000000E+00	        0.000000E+00	        1.152913E-06	        6.238385E-05	        1.925121E-10	        1.916195E-06	        7.226098E-03	        1.985076E-01	        0.000000E+00	        1.945467E-08	        6.035261E-10	        1.666301E-01	        1.020598E-01	        3.790808E-08	        3.350392E-11	        4.232494E-11	        4.332949E-08	        1.393564E-04	        1.688795E-05	        5.049858E-07	        1.006782E-07	        2.960942E-04	        2.238297E-01	        5.831532E-10	        4.386756E-06	        1.014973E-08	        2.002910E-10	        3.253185E-02	        9.657629E-11	        4.295217E-06	        7.846799E-04	        6.990716E-08	        1.194434E-04	        2.766286E-09	        5.792002E-08	        3.531820E-07	        2.884229E-14	        1.662144E-10	        8.755377E-05	        2.656329E-08	        3.340039E-05	        3.297563E-03	        3.758863E-03	        1.303863E-03	        3.657767E-08	        1.032539E-06	        4.981985E-06	        8.814085E-06	        3.052062E-07	        1.102207E-03	        9.380480E-05	        1.900179E-06	        3.048801E-03	        4.977494E-06	        5.691502E-08	        9.178144E-15	        1.820886E-09	        1.792706E-04	        5.258604E-04	        3.905372E-04	        9.387618E-08	        2.558964E-06	        1.332189E-10	        0.000000E+00	        0.000000E+00	        0.000000E+00	        0.000000E+00	        0.000000E+00	        0.000000E+00	        0.000000E+00	       -1.597798E-02	       -3.069501E-04	       -3.538494E-07	       -2.395068E-03	        1.086755E-01	       -1.685117E-02	        0.000000E+00	       -6.081786E-07	       -3.394030E-08	        1.157579E-02	        3.720542E-03	       -1.587830E-05	       -1.208517E-07	       -2.356020E-07	       -1.053793E-04	       -6.301313E-02	       -3.325761E-04	       -1.356661E-04	       -1.959669E-04	        2.384099E-03	       -2.913673E-01	       -2.417853E-06	       -3.464660E-06	       -4.846253E-06	       -1.274554E-07	       -7.562255E-02	       -7.671931E-10	       -1.577143E-04	        1.304257E-02	       -1.488569E-05	       -1.018070E-03	       -3.351279E-07	        9.151094E-07	       -6.335904E-04	        9.146624E-12	        3.893566E-09	        5.490171E-03	        1.175396E-06	        1.454232E-03	       -6.426947E-02	        1.198403E-01	        3.408988E-02	       -9.841571E-10	        2.983501E-05	        1.858427E-05	        2.017151E-04	       -2.364090E-05	        6.650045E-02	       -7.985073E-03	       -2.408636E-05	        2.123831E-02	       -6.125671E-05	       -9.734220E-07	       -5.006652E-12	       -1.787114E-06	        6.562805E-05	        3.974115E-04	        1.650919E-02	       -3.299205E-05	       -1.379730E-04	        2.133039E-10	        1.573223E+03	        8.941010E+04	        1.804519E-01	        3.800265E+07	        5.666502E-01	        4.108776E-04	        4.871773E+02	        4.445408E+02
        2.259709E-03	        2.692234E-01	        1.181165E-38	        1.054000E-18	        0.000000E+00	        0.000000E+00	        0.000000E+00	        0.000000E+00	        1.821208E-06	        6.683653E-05	        3.468990E-10	        3.358444E-06	        7.654528E-03	        1.943349E-01	        0.000000E+00	        2.053365E-08	        5.462106E-10	        1.732186E-01	        1.038636E-01	        5.661771E-08	        7.217319E-11	        1.141453E-10	        8.834799E-08	        1.941060E-04	        1.820571E-05	        7.651398E-07	        2.338925E-07	        3.093830E-04	        2.065856E-01	        1.410456E-09	        4.660024E-06	        1.595321E-08	        3.403822E-10	        2.930406E-02	        1.016991E-10	        4.217898E-06	        8.066520E-04	        9.136458E-08	        1.284790E-04	        2.508596E-09	        4.903551E-08	        8.287382E-07	        3.611672E-14	        1.752317E-10	        8.486426E-05	        2.265187E-08	        3.068904E-05	        3.628732E-03	        3.756799E-03	        1.327276E-03	        3.638796E-08	        1.248116E-06	        5.219536E-06	        8.393592E-06	        3.692548E-07	        1.010401E-03	        1.125439E-04	        2.052709E-06	        3.199569E-03	        5.077307E-06	        6.139540E-08	        1.287508E-14	        4.200188E-09	        1.899093E-04	        5.568735E-04	        3.523169E-04	        6.008791E-08	        2.993209E-06	        1.278475E-10	        0.000000E+00	        0.000000E+00	        0.000000E+00	        0.000000E+00	        0.000000E+00	        0.000000E+00	        0.000000E+00	       -2.492754E-02	       -4.192248E-04	       -8.131755E-07	       -4.076556E-03	        1.758907E-01	       -2.768911E-02	        0.000000E+00	       -7.652721E-07	       -3.745871E-08	        1.939876E-02	        5.957708E-03	       -2.619243E-05	       -3.082803E-07	       -6.542281E-07	       -1.948482E-04	       -7.742469E-02	       -5.294103E-04	       -1.870524E-04	       -3.641182E-04	        3.310461E-03	       -3.648342E-01	       -5.430810E-06	        4.720793E-06	       -8.326170E-06	       -2.237459E-07	       -1.059610E-01	       -4.604607E-10	       -1.867807E-04	        1.668541E-02	       -2.017338E-05	       -1.233786E-03	       -2.346848E-07	       -1.556816E-06	       -1.127429E-03	       -4.832564E-12	        6.389901E-09	        6.258921E-03	        5.060098E-07	        1.415214E-03	       -6.842761E-02	        1.473370E-01	        4.690582E-02	        1.002224E-07	        8.280351E-05	        3.999675E-05	        1.595224E-04	       -3.539070E-05	        7.284700E-02	       -1.130506E-02	       -4.064232E-05	        3.262570E-02	       -3.270789E-05	       -7.721557E-07	       -9.115881E-12	       -3.893656E-06	        1.512149E-04	        9.679652E-04	        1.629041E-02	       -1.733916E-05	       -4.397215E-05	        1.542303E-10	        1.629374E+03	        5.476837E+04	        1.744132E-01	        4.364324E+07	        5.405625E-01	        4.418152E-04	        5.002512E+02	        4.344083E+02
        2.293947E-03	        2.841277E-01	        9.597656E-39	        1.010270E-18	        0.000000E+00	        0.000000E+00	        0.000000E+00	        0.000000E+00	        2.841307E-06	        7.137453E-05	        6.837340E-10	        5.780637E-06	        8.067035E-03	        1.902738E-01	        0.000000E+00	        2.195614E-08	        5.090443E-10	        1.796342E-01	        1.056184E-01	        8.598153E-08	        1.641832E-10	        3.079149E-10	        1.723219E-07	        2.645583E-04	        1.972365E-05	        1.131328E-06	        4.951078E-07	        3.202984E-04	        1.899124E-01	        3.281647E-09	        4.924237E-06	        2.539746E-08	        5.778519E-10	        2.618197E-02	        1.070567E-10	        4.217404E-06	        8.212092E-04	        1.208364E-07	        1.380492E-04	        2.406952E-09	        4.138105E-08	        1.742084E-06	        4.493144E-14	        1.801120E-10	        7.948189E-05	        1.851127E-08	        2.717213E-05	        3.990810E-03	        3.668213E-03	        1.322541E-03	        3.616587E-08	        1.399986E-06	        5.418255E-06	        7.887557E-06	        4.524732E-07	        8.652167E-04	        1.371227E-04	        2.233639E-06	        3.322610E-03	        5.199604E-06	        6.623331E-08	        1.812205E-14	        9.338981E-09	        2.000642E-04	        5.860588E-04	        3.021297E-04	        4.091568E-08	        3.450828E-06	        1.224338E-10	        0.000000E+00	        0.000000E+00	        0.000000E+00	        0.000000E+00	        0.000000E+00	        0.000000E+00	        0.000000E+00	       -3.789213E-02	       -6.000706E-04	       -1.900524E-06	       -6.734264E-03	        2.729763E-01	       -4.443111E-02	        0.000000E+00	       -9.126147E-07	       -3.794719E-08	        3.211977E-02	        9.180938E-03	       -4.298096E-05	       -7.964422E-07	       -1.740794E-06	       -3.446294E-04	       -8.833706E-02	       -7.979383E-04	       -2.478479E-04	       -6.146930E-04	        4.356950E-03	       -4.086690E-01	       -1.165387E-05	        2.295951E-05	       -1.409659E-05	       -3.846196E-07	       -1.453882E-01	        4.771434E-11	       -2.002048E-04	        2.200534E-02	       -2.530568E-05	       -1.340606E-03	       -1.701413E-07	       -3.303248E-06	       -1.537451E-03	       -2.371628E-11	        9.325071E-09	        6.328027E-03	       -2.280976E-07	        1.197615E-03	       -5.945424E-02	        1.685467E-01	        5.986795E-02	        2.730299E-07	        1.108138E-04	        7.533422E-05	        1.468137E-04	       -5.375575E-05	        6.012278E-02	       -1.562277E-02	       -6.649115E-05	        4.548566E-02	        4.512680E-06	       -1.489873E-08	       -1.439940E-11	       -8.053737E-06	        3.145872E-04	        2.048485E-03	        1.288977E-02	       -9.050602E-06	        8.841356E-05	        1.203675E-10	        1.685515E+03	        2.093231E+04	        1.687658E-01	        4.359931E+07	        5.151276E-01	        4.741772E-04	        5.083406E+02	        4.226992E+02
        2.328185E-03	        2.986008E-01	        7.539546E-39	        9.682756E-19	        0.000000E+00	        0.000000E+00	        0.000000E+00	        0.000000E+00	        4.371977E-06	        7.605272E-05	        1.433547E-09	        9.750874E-06	        8.459828E-03	        1.863416E-01	        0.000000E+00	        2.376334E-08	        4.912297E-10	        1.858514E-01	        1.073168E-01	        1.320915E-07	        3.887833E-10	        8.141013E-10	        3.222070E-07	        3.517499E-04	        2.153643E-05	        1.630676E-06	        9.625867E-07	        3.283088E-04	        1.738720E-01	        7.329341E-09	        5.170407E-06	        4.074760E-08	        9.758260E-10	        2.318320E-02	        1.122681E-10	        4.294062E-06	        8.266173E-04	        1.597822E-07	        1.481394E-04	        2.412758E-09	        3.600811E-08	        3.214710E-06	        5.543569E-14	        1.792597E-10	        7.156513E-05	        1.463293E-08	        2.304447E-05	        4.375243E-03	        3.486717E-03	        1.284031E-03	        3.580784E-08	        1.473016E-06	        5.551512E-06	        7.310934E-06	        5.637002E-07	        6.799277E-04	        1.693947E-04	        2.460147E-06	        3.409899E-03	        5.315581E-06	        7.094319E-08	        2.523072E-14	        1.994967E-08	        2.094890E-04	        6.122543E-04	        2.435372E-04	        2.927174E-08	        3.828854E-06	        1.170438E-10	        0.000000E+00	        0.000000E+00	        0.000000E+00	        0.000000E+00	        0.000000E+00	        0.000000E+00	        0.000000E+00	       -5.587597E-02	       -8.845990E-04	       -4.471547E-06	       -1.078324E-02	        4.090658E-01	       -6.941011E-02	        0.000000E+00	       -1.079483E-06	       -4.088310E-08	        5.238162E-02	        1.349772E-02	       -6.980454E-05	       -2.053636E-06	       -4.411620E-06	       -5.858179E-04	       -9.146164E-02	       -1.134682E-03	       -3.176537E-04	       -9.700970E-04	        5.397011E-03	       -4.067319E-01	       -2.376406E-05	        5.576477E-05	       -2.326074E-05	       -6.418477E-07	       -1.965531E-01	        7.181390E-10	       -1.915873E-04	        2.892666E-02	       -2.868235E-05	       -1.249053E-03	       -1.252594E-07	       -3.264491E-06	       -1.403933E-03	       -4.707080E-11	        1.180474E-08	        5.446273E-03	       -7.326592E-07	        7.744835E-04	       -2.993601E-02	        1.764407E-01	        6.949140E-02	        5.483876E-07	        1.104457E-04	        1.255132E-04	        1.674516E-04	       -8.220233E-05	        2.308450E-02	       -2.089432E-02	       -1.054009E-04	        5.814751E-02	        4.425343E-05	        1.412837E-06	       -2.079491E-11	       -1.569807E-05	        5.948021E-04	        3.833075E-03	        5.988887E-03	       -4.665895E-06	        2.420859E-04	        1.001193E-10	        1.741455E+03	       -1.198448E+04	        1.634907E-01	        3.480355E+07	        4.904287E-01	        5.078753E-04	        5.116176E+02	        4.097496E+02
        2.362423E-03	        3.126052E-01	        5.620857E-39	        9.278914E-19	        0.000000E+00	        0.000000E+00	        0.000000E+00	        0.000000E+00	        6.621541E-06	        8.096552E-05	        3.124055E-09	        1.609262E-05	        8.828648E-03	        1.825538E-01	        0.000000E+00	        2.599798E-08	        4.929879E-10	        1.918473E-01	        1.089520E-01	        2.042836E-07	        9.425949E-10	        2.082682E-09	        5.793237E-07	        4.548756E-04	        2.375529E-05	        2.291617E-06	        1.740805E-06	        3.329652E-04	        1.584957E-01	        1.567654E-08	        5.384234E-06	        6.543853E-08	        1.630680E-09	        2.032456E-02	        1.168924E-10	        4.439281E-06	        8.207801E-04	        2.087402E-07	        1.586191E-04	        2.492517E-09	        3.277454E-08	        5.149368E-06	        6.768050E-14	        1.715482E-10	        6.167097E-05	        1.132123E-08	        1.860594E-05	        4.763174E-03	        3.214669E-03	        1.208788E-03	        3.516456E-08	        1.474177E-06	        5.584464E-06	        6.659190E-06	        7.162026E-07	        4.842186E-04	        2.114663E-04	        2.757032E-06	        3.454653E-03	        5.397408E-06	        7.471085E-08	        3.433729E-14	        4.078224E-08	        2.178125E-04	        6.337277E-04	        1.824238E-04	        2.150272E-08	        4.019328E-06	        1.117217E-10	        0.000000E+00	        0.000000E+00	        0.000000E+00	        0.000000E+00	        0.000000E+00	        0.000000E+00	        0.000000E+00	       -7.970842E-02	       -1.316703E-03	       -1.047222E-05	       -1.673620E-02	        5.936462E-01	       -1.053071E-01	        0.000000E+00	       -1.308870E-06	       -5.030373E-08	        8.390569E-02	        1.872579E-02	       -1.116984E-04	       -5.212306E-06	       -1.062060E-05	       -9.601077E-04	       -8.247694E-02	       -1.512315E-03	       -3.991624E-04	       -1.457143E-03	        6.274735E-03	       -3.753938E-01	       -4.581544E-05	        1.058221E-04	       -3.700864E-05	       -1.030858E-06	       -2.629434E-01	        1.462550E-09	       -1.497189E-04	        3.651158E-02	       -2.816091E-05	       -8.824859E-04	       -9.020585E-08	       -2.118518E-06	       -5.927627E-04	       -7.434791E-11	        1.266959E-08	        3.623590E-03	       -8.781302E-07	        1.796652E-04	        2.548472E-02	        1.647003E-01	        7.160386E-02	        9.352746E-07	        9.528857E-05	        1.845214E-04	        1.987257E-04	       -1.256312E-04	       -2.663270E-02	       -2.672402E-02	       -1.609094E-04	        6.862525E-02	        7.844467E-05	        3.396573E-06	       -2.814681E-11	       -2.866058E-05	        1.032667E-03	        6.434354E-03	       -3.169355E-03	       -2.454372E-06	        3.668465E-04	        8.648764E-11	        1.797081E+03	       -4.388789E+04	        1.585657E-01	        1.719916E+07	        4.665297E-01	        5.428216E-04	        5.104047E+02	        3.958705E+02
        2.396661E-03	        3.261137E-01	        3.820135E-39	        8.889913E-19	        0.000000E+00	        0.000000E+00	        0.000000E+00	        0.000000E+00	        9.848942E-06	        8.625881E-05	        6.943364E-09	        2.595295E-05	        9.168662E-03	        1.789250E-01	        0.000000E+00	        2.872184E-08	        5.172216E-10	        1.975999E-01	        1.105185E-01	        3.164894E-07	        2.300581E-09	        5.116958E-09	        1.004535E-06	        5.706663E-04	        2.649314E-05	        3.144629E-06	        2.964218E-06	        3.339864E-04	        1.437923E-01	        3.202436E-08	        5.545881E-06	        1.043540E-07	        2.680625E-09	        1.762264E-02	        1.204956E-10	        4.632782E-06	        8.016717E-04	        2.666097E-07	        1.692161E-04	        2.620836E-09	        3.088825E-08	        7.212949E-06	        8.153743E-14	        1.569463E-10	        5.069361E-05	        8.636589E-09	        1.422508E-05	        5.124273E-03	        2.865426E-03	        1.098461E-03	        3.404441E-08	        1.420241E-06	        5.480132E-06	        5.923136E-06	        9.294651E-07	        3.136979E-04	        2.654280E-04	        3.157846E-06	        3.452618E-03	        5.423993E-06	        7.650994E-08	        4.517813E-14	        7.947239E-08	        2.245083E-04	        6.481688E-04	        1.257305E-04	        1.579822E-08	        3.946801E-06	        1.064991E-10	        0.000000E+00	        0.000000E+00	        0.000000E+00	        0.000000E+00	        0.000000E+00	        0.000000E+00	        0.000000E+00	       -1.097717E-01	       -1.955447E-03	       -2.414626E-05	       -2.517328E-02	        8.342699E-01	       -1.549212E-01	        0.000000E+00	       -1.657043E-06	       -6.907819E-08	        1.317612E-01	        2.412685E-02	       -1.747233E-04	       -1.285070E-05	       -2.422771E-05	       -1.516176E-03	       -5.838081E-02	       -1.874094E-03	       -5.010750E-04	       -2.090075E-03	        6.853704E-03	       -3.624384E-01	       -8.304117E-05	        1.706915E-04	       -5.618876E-05	       -1.579340E-06	       -3.481138E-01	        2.125734E-09	       -7.569997E-05	        4.288611E-02	       -2.166345E-05	       -2.094881E-04	       -6.236631E-08	       -9.759818E-07	        1.158127E-04	       -1.045965E-10	        1.104469E-08	        1.196733E-03	       -7.750271E-07	       -4.759357E-04	        1.065514E-01	        1.305711E-01	        6.314503E-02	        1.366102E-06	        7.817629E-05	        2.363377E-04	        2.015718E-04	       -1.906728E-04	       -6.186180E-02	       -3.215059E-02	       -2.337887E-04	        7.503949E-02	        9.980792E-05	        5.432095E-06	       -3.645244E-11	       -4.872524E-05	        1.660117E-03	        9.781853E-03	       -1.180209E-02	       -1.509469E-06	        3.978509E-04	        7.515133E-11	        1.852353E+03	       -7.469592E+04	        1.539659E-01	       -5.588984E+06	        4.434769E-01	        5.789314E-04	        5.051850E+02	        3.813608E+02
        2.430899E-03	        3.391097E-01	        2.124724E-39	        8.514583E-19	        0.000000E+00	        0.000000E+00	        0.000000E+00	        0.000000E+00	        1.435665E-05	        9.214428E-05	        1.549151E-08	        4.086224E-05	        9.474457E-03	        1.754694E-01	        0.000000E+00	        3.203532E-08	        5.703344E-10	        2.030875E-01	        1.120121E-01	        4.885843E-07	        5.563256E-09	        1.201806E-08	        1.683141E-06	        6.931869E-04	        2.984033E-05	        4.225798E-06	        4.795129E-06	        3.313178E-04	        1.297665E-01	        6.230492E-08	        5.632087E-06	        1.638730E-07	        4.308334E-09	        1.509403E-02	        1.227488E-10	        4.844822E-06	        7.680401E-04	        3.301133E-07	        1.795228E-04	        2.778363E-09	        2.962500E-08	        9.138873E-06	        9.660831E-14	        1.368635E-10	        3.967699E-05	        6.487254E-09	        1.026431E-05	        5.418927E-03	        2.463134E-03	        9.602560E-04	        3.225793E-08	        1.327693E-06	        5.211838E-06	        5.110093E-06	        1.231351E-06	        1.905177E-04	        3.328461E-04	        3.703603E-06	        3.403051E-03	        5.385255E-06	        7.541220E-08	        5.689482E-14	        1.471227E-07	        2.288860E-04	        6.528778E-04	        7.928009E-05	        1.136921E-08	        3.609332E-06	        1.014003E-10	        0.000000E+00	        0.000000E+00	        0.000000E+00	        0.000000E+00	        0.000000E+00	        0.000000E+00	        0.000000E+00	       -1.455115E-01	       -2.894266E-03	       -5.418624E-05	       -3.663842E-02	        1.133964E+00	       -2.208752E-01	        0.000000E+00	       -2.192949E-06	       -9.953647E-08	        2.026550E-01	        2.807302E-02	       -2.632057E-04	       -3.037289E-05	       -5.209481E-05	       -2.295214E-03	       -1.907830E-02	       -2.141811E-03	       -6.394685E-04	       -2.845456E-03	        7.062378E-03	       -4.005250E-01	       -1.404004E-04	        2.400673E-04	       -8.051817E-05	       -2.285271E-06	       -4.536650E-01	        2.534936E-09	        7.381238E-06	        4.583009E-02	       -8.105557E-06	        7.297614E-04	       -4.366949E-08	       -1.178168E-07	       -1.372163E-04	       -1.373592E-10	        7.011680E-09	       -1.264048E-03	       -6.189617E-07	       -1.029262E-03	        2.045014E-01	        7.742185E-02	        4.412678E-02	        1.675456E-06	        6.370068E-05	        2.578968E-04	        1.463646E-04	       -2.857001E-04	       -6.496008E-02	       -3.550622E-02	       -3.171569E-04	        7.668784E-02	        1.122832E-04	        6.683258E-06	       -4.632031E-11	       -7.650461E-05	        2.480261E-03	        1.351621E-02	       -1.683955E-02	       -1.234256E-06	        3.047224E-04	        6.387544E-11	        1.907266E+03	       -1.043724E+05	        1.496674E-01	       -2.983719E+07	        4.212988E-01	        6.161089E-04	        4.964913E+02	        3.664810E+02
        2.465137E-03	        3.515841E-01	        5.238864E-40	        8.151845E-19	        0.000000E+00	        0.000000E+00	        0.000000E+00	        0.000000E+00	        2.047693E-05	        9.892566E-05	        3.426327E-08	        6.278612E-05	        9.740035E-03	        1.722010E-01	        0.000000E+00	        3.610031E-08	        6.627151E-10	        2.082855E-01	        1.134306E-01	        7.469797E-07	        1.315423E-08	        2.690582E-08	        2.728040E-06	        8.142954E-04	        3.383939E-05	        5.584243E-06	        7.411884E-06	        3.251278E-04	        1.164310E-01	        1.151773E-07	        5.620821E-06	        2.515194E-07	        6.732920E-09	        1.275586E-02	        1.235115E-10	        5.045655E-06	        7.200422E-04	        3.937753E-07	        1.890410E-04	        2.952404E-09	        2.848495E-08	        1.100451E-05	        1.121602E-13	        1.138766E-10	        2.956735E-05	        4.758060E-09	        6.991942E-06	        5.604124E-03	        2.039071E-03	        8.059868E-04	        2.970165E-08	        1.209387E-06	        4.777591E-06	        4.256197E-06	        1.660889E-06	        1.136827E-04	        4.140722E-04	        4.436999E-06	        3.308547E-03	        5.278186E-06	        7.100120E-08	        6.804612E-14	        2.581056E-07	        2.301138E-04	        6.451582E-04	        4.582878E-05	        7.940718E-09	        3.087649E-06	        9.644520E-11	        0.000000E+00	        0.000000E+00	        0.000000E+00	        0.000000E+00	        0.000000E+00	        0.000000E+00	        0.000000E+00	       -1.852123E-01	       -4.284203E-03	       -1.175278E-04	       -5.159665E-02	        1.489318E+00	       -3.053072E-01	        0.000000E+00	       -3.008085E-06	       -1.436931E-07	        3.052413E-01	        2.771600E-02	       -3.769946E-04	       -6.799498E-05	       -1.052068E-04	       -3.314999E-03	        3.187799E-02	       -2.242391E-03	       -8.357012E-04	       -3.653886E-03	        6.936177E-03	       -4.710388E-01	       -2.204019E-04	        2.968406E-04	       -1.079423E-04	       -3.103108E-06	       -5.769362E-01	        2.584144E-09	        7.405294E-05	        4.382731E-02	        1.178511E-05	        1.833328E-03	       -3.582941E-08	        5.596029E-07	       -8.602228E-04	       -1.719411E-10	        1.925651E-09	       -3.188150E-03	       -5.216252E-07	       -1.336377E-03	        3.019943E-01	        1.512368E-02	        1.842156E-02	        1.679406E-06	        5.194166E-05	        2.322904E-04	        3.763564E-05	       -4.202703E-04	       -4.668681E-02	       -3.453161E-02	       -3.900115E-04	        7.464059E-02	        1.263425E-04	        6.460766E-06	       -5.905313E-11	       -1.103167E-04	        3.440266E-03	        1.695280E-02	       -1.691489E-02	       -1.173679E-06	        1.329870E-04	        5.230721E-11	        1.961833E+03	       -1.328966E+05	        1.456482E-01	       -5.496475E+07	        4.000108E-01	        6.542403E-04	        4.848343E+02	        3.514410E+02
        2.499375E-03	        3.635348E-01	        0.000000E+00	        7.800727E-19	        3.077430E-39	        0.000000E+00	        0.000000E+00	        0.000000E+00	        2.854497E-05	        1.070407E-04	        7.440463E-08	        9.414389E-05	        9.959018E-03	        1.691348E-01	        0.000000E+00	        4.116630E-08	        8.089250E-10	        2.131643E-01	        1.147752E-01	        1.123460E-06	        3.006744E-08	        5.729401E-08	        4.277995E-06	        9.246594E-04	        3.846549E-05	        7.290370E-06	        1.098470E-05	        3.157561E-04	        1.038002E-01	        2.019946E-07	        5.497766E-06	        3.749928E-07	        1.018644E-08	        1.062513E-02	        1.228644E-10	        5.213992E-06	        6.595449E-04	        4.505276E-07	        1.972500E-04	        3.137036E-09	        2.711424E-08	        1.303244E-05	        1.271061E-13	        9.085250E-11	        2.101414E-05	        3.373226E-09	        4.520863E-06	        5.642305E-03	        1.625660E-03	        6.494816E-04	        2.643638E-08	        1.074803E-06	        4.207862E-06	        3.419903E-06	        2.270954E-06	        6.882024E-05	        5.073985E-04	        5.388459E-06	        3.173901E-03	        5.099581E-06	        6.364019E-08	        7.692158E-14	        4.285157E-07	        2.273058E-04	        6.229369E-04	        2.458378E-05	        5.400355E-09	        2.504500E-06	        9.164986E-11	        0.000000E+00	        0.000000E+00	        0.000000E+00	        0.000000E+00	        0.000000E+00	        0.000000E+00	        0.000000E+00	       -2.253080E-01	       -6.349452E-03	       -2.442703E-04	       -7.013687E-02	        1.888611E+00	       -4.098252E-01	        0.000000E+00	       -4.239729E-06	       -2.025858E-07	        4.503063E-01	        1.872673E-02	       -5.093470E-04	       -1.422249E-04	       -1.982719E-04	       -4.533988E-03	        8.706381E-02	       -2.145945E-03	       -1.107504E-03	       -4.386369E-03	        6.599543E-03	       -5.367443E-01	       -3.198551E-04	        3.225225E-04	       -1.341263E-04	       -3.934003E-06	       -7.086800E-01	        2.210308E-09	        1.212710E-04	        3.680069E-02	        3.474512E-05	        2.985971E-03	       -3.863575E-08	        1.049982E-06	       -1.108710E-03	       -2.071922E-10	       -2.463170E-09	       -4.250687E-03	       -4.860751E-07	       -1.351746E-03	        3.772812E-01	       -4.300606E-02	       -7.596268E-03	        1.295507E-06	        4.123680E-05	        1.630430E-04	       -8.538202E-05	       -6.033986E-04	       -2.769343E-02	       -2.688651E-02	       -4.134246E-04	        7.072890E-02	        1.411263E-04	        4.739343E-06	       -7.613231E-11	       -1.450922E-04	        4.408260E-03	        1.919864E-02	       -1.335405E-02	       -1.062542E-06	       -2.396463E-05	        4.126484E-11	        2.016078E+03	       -1.602618E+05	        1.418882E-01	       -8.106180E+07	        3.796165E-01	        6.931889E-04	        4.707221E+02	        3.364193E+02
        2.533613E-03	        3.749651E-01	        0.000000E+00	        7.460371E-19	        7.050735E-39	        0.000000E+00	        0.000000E+00	        0.000000E+00	        3.885561E-05	        1.171221E-04	        1.573645E-07	        1.377487E-04	        1.012500E-02	        1.662864E-01	        0.000000E+00	        4.760882E-08	        1.027443E-09	        2.176868E-01	        1.160519E-01	        1.652004E-06	        6.574666E-08	        1.157594E-07	        6.486563E-06	        1.015272E-03	        4.362598E-05	        9.440918E-06	        1.563875E-05	        3.036258E-04	        9.187875E-02	        3.358426E-07	        5.262111E-06	        5.405597E-07	        1.487554E-08	        8.716961E-03	        1.211122E-10	        5.337004E-06	        5.898950E-04	        4.930684E-07	        2.036688E-04	        3.332151E-09	        2.529223E-08	        1.528254E-05	        1.401182E-13	        7.001873E-11	        1.429276E-05	        2.293576E-09	        2.806801E-06	        5.510593E-03	        1.249920E-03	        5.032647E-04	        2.270285E-08	        9.313757E-07	        3.558616E-06	        2.660051E-06	        3.130163E-06	        4.241155E-05	        6.083409E-04	        6.553614E-06	        3.004694E-03	        4.846554E-06	        5.437446E-08	        8.204620E-14	        6.729792E-07	        2.196827E-04	        5.854454E-04	        1.251105E-05	        3.616097E-09	        1.961238E-06	        8.702649E-11	        0.000000E+00	        0.000000E+00	        0.000000E+00	        0.000000E+00	        0.000000E+00	        0.000000E+00	        0.000000E+00	       -2.608467E-01	       -9.411055E-03	       -4.387842E-04	       -8.988243E-02	        2.312592E+00	       -5.370399E-01	        0.000000E+00	       -6.089172E-06	       -2.781513E-07	        6.506859E-01	       -4.858911E-03	       -6.355906E-04	       -2.730086E-04	       -3.236584E-04	       -5.760716E-03	        1.349729E-01	       -1.908531E-03	       -1.466310E-03	       -4.829988E-03	        6.125618E-03	       -5.823001E-01	       -4.143038E-04	        3.037437E-04	       -1.546587E-04	       -4.636943E-06	       -8.315714E-01	        1.034017E-09	        1.546123E-04	        2.607065E-02	        5.411987E-05	        4.083290E-03	       -7.111599E-08	        1.044572E-06	       -4.556665E-04	       -2.419221E-10	       -4.760899E-09	       -4.466635E-03	       -4.738460E-07	       -1.155011E-03	        4.115779E-01	       -8.543507E-02	       -2.790163E-02	        8.297755E-07	        2.740447E-05	        6.901460E-05	       -1.729773E-04	       -8.415465E-04	       -1.697914E-02	       -1.107573E-02	       -3.434460E-04	        6.638770E-02	        1.296995E-04	        2.560472E-06	       -9.942209E-11	       -1.704973E-04	        5.173847E-03	        1.944432E-02	       -9.068782E-03	       -8.688389E-07	       -9.291602E-05	        3.166698E-11	        2.070036E+03	       -1.864720E+05	        1.383702E-01	       -1.062829E+08	        3.601102E-01	        7.327923E-04	        4.584013E+02	        3.228917E+02
        2.550732E-03	        3.805229E-01	        0.000000E+00	        7.292866E-19	        8.973899E-39	        0.000000E+00	        0.000000E+00	        0.000000E+00	        4.497926E-05	        1.232951E-04	        2.273093E-07	        1.654003E-04	        1.018602E-02	        1.649423E-01	        0.000000E+00	        5.158940E-08	        1.173629E-09	        2.198087E-01	        1.166735E-01	        1.986696E-06	        9.693600E-08	        1.619319E-07	        7.901528E-06	        1.050764E-03	        4.637711E-05	        1.074048E-05	        1.840426E-05	        2.966410E-04	        8.614626E-02	        4.252561E-07	        5.106460E-06	        6.412955E-07	        1.775902E-08	        7.845476E-03	        1.200733E-10	        5.378903E-06	        5.529423E-04	        5.070261E-07	        2.060653E-04	        3.439699E-09	        2.422089E-08	        1.642065E-05	        1.455709E-13	        6.074618E-11	        1.159169E-05	        1.856884E-09	        2.178555E-06	        5.378697E-03	        1.081675E-03	        4.368893E-04	        2.074243E-08	        8.588633E-07	        3.226625E-06	        2.320580E-06	        3.690101E-06	        3.331448E-05	        6.592003E-04	        7.198504E-06	        2.908393E-03	        4.695585E-06	        4.942428E-08	        8.309695E-14	        8.272249E-07	        2.138337E-04	        5.611357E-04	        8.711838E-06	        2.942418E-09	        1.717903E-06	        8.476805E-11	        0.000000E+00	        0.000000E+00	        0.000000E+00	        0.000000E+00	        0.000000E+00	        0.000000E+00	        0.000000E+00	       -2.787309E-01	       -1.147869E-02	       -6.695420E-04	       -1.051085E-01	        2.528494E+00	       -6.053487E-01	        0.000000E+00	       -7.443691E-06	       -3.251876E-07	        7.768178E-01	       -2.407976E-02	       -7.208060E-04	       -3.883065E-04	       -4.506567E-04	       -6.574587E-03	        1.581899E-01	       -1.730749E-03	       -1.692297E-03	       -4.971336E-03	        6.038277E-03	       -6.032480E-01	       -4.855543E-04	        2.822137E-04	       -1.613053E-04	       -5.002604E-06	       -8.875327E-01	        9.477286E-10	        2.054533E-04	        1.965770E-02	        6.428956E-05	        4.632480E-03	       -6.357389E-08	        1.317665E-06	       -4.590008E-04	       -2.564426E-10	       -5.568770E-09	       -4.282797E-03	       -4.495325E-07	       -9.965364E-04	        4.094988E-01	       -9.961877E-02	       -3.507846E-02	        3.429746E-07	        2.534259E-05	        3.046481E-05	       -2.028859E-04	       -9.873432E-04	       -1.209670E-02	        2.647878E-04	       -2.458234E-04	        6.417342E-02	        1.516398E-04	        1.117661E-06	       -1.119436E-10	       -1.829152E-04	        5.407304E-03	        1.866495E-02	       -6.771209E-03	       -7.329240E-07	       -1.198014E-04	        2.745589E-11	        2.096918E+03	       -1.995861E+05	        1.366987E-01	       -1.154400E+08	        3.506257E-01	        7.527965E-04	        4.514935E+02	        3.161632E+02
        2.567851E-03	        3.859518E-01	        0.000000E+00	        7.127782E-19	        1.084907E-38	        0.000000E+00	        0.000000E+00	        0.000000E+00	        5.174330E-05	        1.303473E-04	        3.254274E-07	        1.973842E-04	        1.023144E-02	        1.636597E-01	        0.000000E+00	        5.616128E-08	        1.347211E-09	        2.218210E-01	        1.172837E-01	        2.371726E-06	        1.403829E-07	        2.233287E-07	        9.540384E-06	        1.078812E-03	        4.920916E-05	        1.220313E-05	        2.144627E-05	        2.891118E-04	        8.059039E-02	        5.314035E-07	        4.929260E-06	        7.536079E-07	        2.100481E-08	        7.033824E-03	        1.189460E-10	        5.404171E-06	        5.153115E-04	        5.154000E-07	        2.078642E-04	        3.552185E-09	        2.301968E-08	        1.756194E-05	        1.500697E-13	        5.235095E-11	        9.311703E-06	        1.485523E-09	        1.681595E-06	        5.205343E-03	        9.284393E-04	        3.759644E-04	        1.878745E-08	        7.863537E-07	        2.897592E-06	        2.012171E-06	        4.347039E-06	        2.618837E-05	        7.088525E-04	        7.865430E-06	        2.805383E-03	        4.526570E-06	        4.446043E-08	        8.297059E-14	        1.002915E-06	        2.066439E-04	        5.335410E-04	        6.020215E-06	        2.391823E-09	        1.497905E-06	        8.255600E-11	        0.000000E+00	        0.000000E+00	        0.000000E+00	        0.000000E+00	        0.000000E+00	        0.000000E+00	        0.000000E+00	       -2.936977E-01	       -1.399912E-02	       -9.319431E-04	       -1.196389E-01	        2.741622E+00	       -6.799117E-01	        0.000000E+00	       -9.120483E-06	       -3.789224E-07	        9.224586E-01	       -4.975774E-02	       -7.914841E-04	       -5.321230E-04	       -5.786855E-04	       -7.298581E-03	        1.750058E-01	       -1.566596E-03	       -1.942284E-03	       -4.943784E-03	        5.906269E-03	       -6.214700E-01	       -5.398884E-04	        2.498808E-04	       -1.655184E-04	       -5.287484E-06	       -9.327790E-01	        4.112498E-10	        2.368672E-04	        1.308799E-02	        6.997184E-05	        5.141546E-03	       -8.068526E-08	        1.214841E-06	        2.274295E-05	       -2.705507E-10	       -5.781732E-09	       -3.982821E-03	       -4.235492E-07	       -8.351378E-04	        3.946474E-01	       -1.083241E-01	       -3.992408E-02	       -2.109577E-09	        1.829592E-05	       -9.121214E-06	       -2.178595E-04	       -1.148236E-03	       -9.293346E-03	        1.341695E-02	       -1.136402E-04	        6.209026E-02	        1.479772E-04	       -8.061987E-08	       -1.268502E-10	       -1.872201E-04	        5.498252E-03	        1.728177E-02	       -4.964754E-03	       -6.127013E-07	       -1.242871E-04	        2.369340E-11	        2.123737E+03	       -2.124004E+05	        1.350829E-01	       -1.231027E+08	        3.413610E-01	        7.728852E-04	        4.421924E+02	        3.087966E+02
        2.584970E-03	        3.912535E-01	        0.000000E+00	        6.965035E-19	        1.267804E-38	        0.000000E+00	        0.000000E+00	        0.000000E+00	        5.916122E-05	        1.384627E-04	        4.621140E-07	        2.341966E-04	        1.026064E-02	        1.624407E-01	        0.000000E+00	        6.145136E-08	        1.552073E-09	        2.237152E-01	        1.178856E-01	        2.810581E-06	        2.003392E-07	        3.039048E-07	        1.142164E-05	        1.098987E-03	        5.210397E-05	        1.385004E-05	        2.475006E-05	        2.810783E-04	        7.520901E-02	        6.556627E-07	        4.734263E-06	        8.773526E-07	        2.462121E-08	        6.282221E-03	        1.178031E-10	        5.411064E-06	        4.775553E-04	        5.179394E-07	        2.090284E-04	        3.671347E-09	        2.170774E-08	        1.867143E-05	        1.535226E-13	        4.483032E-11	        7.413595E-06	        1.174110E-09	        1.292656E-06	        4.993779E-03	        7.906950E-04	        3.208531E-04	        1.687770E-08	        7.147130E-07	        2.577686E-06	        1.735524E-06	        5.114618E-06	        2.056257E-05	        7.559417E-04	        8.533588E-06	        2.696262E-03	        4.340795E-06	        3.962129E-08	        8.170708E-14	        1.199717E-06	        1.981432E-04	        5.030817E-04	        4.128195E-06	        1.942274E-09	        1.301148E-06	        8.039069E-11	        0.000000E+00	        0.000000E+00	        0.000000E+00	        0.000000E+00	        0.000000E+00	        0.000000E+00	        0.000000E+00	       -3.053825E-01	       -1.707570E-02	       -1.280332E-03	       -1.348950E-01	        2.949150E+00	       -7.593170E-01	        0.000000E+00	       -1.120417E-05	       -4.382974E-07	        1.089573E+00	       -8.279475E-02	       -8.552123E-04	       -7.117193E-04	       -7.285464E-04	       -7.954125E-03	        1.856442E-01	       -1.425081E-03	       -2.201288E-03	       -4.736196E-03	        5.786793E-03	       -6.404297E-01	       -5.892853E-04	        2.097016E-04	       -1.662462E-04	       -5.513022E-06	       -9.657911E-01	       -2.326597E-10	        2.678248E-04	        6.604758E-03	        7.228822E-05	        5.654018E-03	       -1.008299E-07	        1.054316E-06	        4.822033E-04	       -2.830297E-10	       -5.737216E-09	       -3.609747E-03	       -3.929729E-07	       -6.835113E-04	        3.679214E-01	       -1.121484E-01	       -4.258508E-02	       -2.889100E-07	        1.169262E-05	       -4.472221E-05	       -2.208648E-04	       -1.322219E-03	       -7.316382E-03	        2.800277E-02	        5.233204E-05	        6.007907E-02	        1.404252E-04	       -1.018945E-06	       -1.431539E-10	       -1.851190E-04	        5.424348E-03	        1.535742E-02	       -3.601082E-03	       -5.094929E-07	       -1.182412E-04	        2.034540E-11	        2.150492E+03	       -2.249190E+05	        1.335215E-01	       -1.283146E+08	        3.323134E-01	        7.930258E-04	        4.326216E+02	        3.015330E+02
        2.602089E-03	        3.964300E-01	        0.000000E+00	        6.804547E-19	        1.446255E-38	        0.000000E+00	        0.000000E+00	        0.000000E+00	        6.723642E-05	        1.478635E-04	        6.509148E-07	        2.763382E-04	        1.027307E-02	        1.612875E-01	        0.000000E+00	        6.761576E-08	        1.792394E-09	        2.254822E-01	        1.184831E-01	        3.305982E-06	        2.819856E-07	        4.081612E-07	        1.356007E-05	        1.111140E-03	        5.504614E-05	        1.570212E-05	        2.828923E-05	        2.725772E-04	        6.999986E-02	        7.991344E-07	        4.525722E-06	        1.012092E-06	        2.861083E-08	        5.590258E-03	        1.167270E-10	        5.397972E-06	        4.401904E-04	        5.146776E-07	        2.095226E-04	        3.799184E-09	        2.031033E-08	        1.971756E-05	        1.558796E-13	        3.815068E-11	        5.853778E-06	        9.169255E-10	        9.906606E-07	        4.748370E-03	        6.683513E-04	        2.716559E-04	        1.504440E-08	        6.446788E-07	        2.272137E-06	        1.489933E-06	        6.007104E-06	        1.610533E-05	        7.990381E-04	        9.178326E-06	        2.581589E-03	        4.140026E-06	        3.500905E-08	        7.939424E-14	        1.416446E-06	        1.884049E-04	        4.702666E-04	        2.807494E-06	        1.575215E-09	        1.126003E-06	        7.827223E-11	        0.000000E+00	        0.000000E+00	        0.000000E+00	        0.000000E+00	        0.000000E+00	        0.000000E+00	        0.000000E+00	       -3.142240E-01	       -2.083790E-02	       -1.743630E-03	       -1.513389E-01	        3.149150E+00	       -8.428890E-01	        0.000000E+00	       -1.380070E-05	       -5.052443E-07	        1.280113E+00	       -1.241352E-01	       -9.132691E-04	       -9.340977E-04	       -9.025718E-04	       -8.544521E-03	        1.900876E-01	       -1.321997E-03	       -2.463112E-03	       -4.333951E-03	        5.688714E-03	       -6.625126E-01	       -6.335577E-04	        1.643389E-04	       -1.641895E-04	       -5.703074E-06	       -9.850068E-01	       -9.414837E-10	        2.934617E-04	        4.506640E-04	        7.123549E-05	        6.186694E-03	       -1.247379E-07	        8.472002E-07	        9.419032E-04	       -2.936243E-10	       -5.555718E-09	       -3.198365E-03	       -3.570723E-07	       -5.493501E-04	        3.309018E-01	       -1.118617E-01	       -4.335622E-02	       -5.208890E-07	        5.246082E-06	       -7.460681E-05	       -2.152790E-04	       -1.507379E-03	       -5.838091E-03	        4.348332E-02	        2.426459E-04	        5.806881E-02	        1.304782E-04	       -1.713305E-06	       -1.607909E-10	       -1.760576E-04	        5.171748E-03	        1.298953E-02	       -2.594874E-03	       -4.240977E-07	       -1.086826E-04	        1.737494E-11	        2.177177E+03	       -2.371463E+05	        1.320137E-01	       -1.304544E+08	        3.234796E-01	        8.131828E-04	        4.228287E+02	        2.943828E+02
        2.619208E-03	        4.014833E-01	        0.000000E+00	        6.646244E-19	        1.620426E-38	        0.000000E+00	        0.000000E+00	        0.000000E+00	        7.596420E-05	        1.588177E-04	        9.095443E-07	        3.243343E-04	        1.026829E-02	        1.602022E-01	        0.000000E+00	        7.484720E-08	        2.072802E-09	        2.271116E-01	        1.190810E-01	        3.860030E-06	        3.915920E-07	        5.411873E-07	        1.596711E-05	        1.115386E-03	        5.802420E-05	        1.777945E-05	        3.202553E-05	        2.636412E-04	        6.496067E-02	        9.626539E-07	        4.308123E-06	        1.157174E-06	        3.297294E-08	        4.956884E-03	        1.158044E-10	        5.363766E-06	        4.036812E-04	        5.059126E-07	        2.093119E-04	        3.938011E-09	        1.885709E-08	        2.067039E-05	        1.571394E-13	        3.226346E-11	        4.587462E-06	        7.078553E-10	        7.574742E-07	        4.474354E-03	        5.608656E-04	        2.282599E-04	        1.331105E-08	        5.769090E-07	        1.985034E-06	        1.273754E-06	        7.039150E-06	        1.256983E-05	        8.366987E-04	        9.772778E-06	        2.461898E-03	        3.926275E-06	        3.069361E-08	        7.616235E-14	        1.651052E-06	        1.775460E-04	        4.356676E-04	        1.892418E-06	        1.275491E-09	        9.704008E-07	        7.620058E-11	        0.000000E+00	        0.000000E+00	        0.000000E+00	        0.000000E+00	        0.000000E+00	        0.000000E+00	        0.000000E+00	       -3.211047E-01	       -2.544926E-02	       -2.357701E-03	       -1.694029E-01	        3.340400E+00	       -9.299137E-01	        0.000000E+00	       -1.703873E-05	       -5.828440E-07	        1.495988E+00	       -1.746848E-01	       -9.673075E-04	       -1.206663E-03	       -1.102386E-03	       -9.067004E-03	        1.885137E-01	       -1.272376E-03	       -2.721147E-03	       -3.730166E-03	        5.606920E-03	       -6.899656E-01	       -6.732499E-04	        1.165388E-04	       -1.604153E-04	       -5.888018E-06	       -9.893114E-01	       -1.700337E-09	        3.093358E-04	       -5.147351E-03	        6.704162E-05	        6.750679E-03	       -1.541763E-07	        6.073630E-07	        1.406355E-03	       -3.023115E-10	       -5.307221E-09	       -2.776560E-03	       -3.169194E-07	       -4.358700E-04	        2.856754E-01	       -1.083360E-01	       -4.260941E-02	       -7.002246E-07	       -1.089482E-06	       -9.829843E-05	       -2.042154E-04	       -1.701413E-03	       -4.696452E-03	        5.919732E-02	        4.416365E-04	        5.595840E-02	        1.179195E-04	       -2.196474E-06	       -1.796814E-10	       -1.597492E-04	        4.737635E-03	        1.030194E-02	       -1.859385E-03	       -3.542671E-07	       -9.901807E-05	        1.474867E-11	        2.203784E+03	       -2.490871E+05	        1.305591E-01	       -1.289021E+08	        3.148559E-01	        8.333167E-04	        4.128578E+02	        2.873555E+02
        2.636327E-03	        4.064156E-01	        0.000000E+00	        6.490058E-19	        1.790472E-38	        0.000000E+00	        0.000000E+00	        0.000000E+00	        8.533461E-05	        1.716508E-04	        1.261118E-06	        3.787530E-04	        1.024592E-02	        1.591870E-01	        0.000000E+00	        8.338370E-08	        2.398622E-09	        2.285917E-01	        1.196848E-01	        4.474377E-06	        5.366787E-07	        7.086760E-07	        1.865098E-05	        1.112077E-03	        6.103154E-05	        2.010053E-05	        3.590923E-05	        2.542998E-04	        6.008938E-02	        1.146828E-06	        4.085930E-06	        1.311835E-06	        3.770617E-08	        4.380406E-03	        1.151235E-10	        5.308078E-06	        3.684261E-04	        4.921725E-07	        2.083601E-04	        4.090646E-09	        1.738013E-08	        2.150128E-05	        1.573493E-13	        2.711412E-11	        3.571014E-06	        5.405566E-10	        5.781008E-07	        4.177563E-03	        4.673661E-04	        1.903916E-04	        1.169417E-08	        5.119959E-07	        1.719323E-06	        1.084804E-06	        8.225523E-06	        9.766939E-06	        8.675354E-04	        1.029026E-05	        2.337707E-03	        3.701805E-06	        2.671821E-08	        7.217571E-14	        1.900642E-06	        1.657252E-04	        3.998905E-04	        1.263759E-06	        1.030836E-09	        8.323410E-07	        7.417551E-11	        0.000000E+00	        0.000000E+00	        0.000000E+00	        0.000000E+00	        0.000000E+00	        0.000000E+00	        0.000000E+00	       -3.274664E-01	       -3.111811E-02	       -3.171290E-03	       -1.897183E-01	        3.522592E+00	       -1.019471E+00	        0.000000E+00	       -2.107345E-05	       -6.756799E-07	        1.739072E+00	       -2.352790E-01	       -1.020797E-03	       -1.538407E-03	       -1.330382E-03	       -9.523514E-03	        1.814761E-01	       -1.287813E-03	       -2.968635E-03	       -2.928359E-03	        5.530907E-03	       -7.250002E-01	       -7.100965E-04	        6.899155E-05	       -1.563324E-04	       -6.107555E-06	       -9.782985E-01	       -2.501812E-09	        3.132093E-04	       -9.994820E-03	        6.022912E-05	        7.353888E-03	       -1.912594E-07	        3.534707E-07	        1.868492E-03	       -3.094062E-10	       -5.025143E-09	       -2.365773E-03	       -2.745337E-07	       -3.429555E-04	        2.346218E-01	       -1.024513E-01	       -4.073289E-02	       -8.325350E-07	       -7.239986E-06	       -1.158266E-04	       -1.900909E-04	       -1.901549E-03	       -3.796530E-03	        7.441009E-02	        6.289812E-04	        5.362332E-02	        1.027349E-04	       -2.507642E-06	       -1.997370E-10	       -1.362636E-04	        4.131559E-03	        7.430890E-03	       -1.323184E-03	       -2.969529E-07	       -9.043221E-05	        1.243789E-11	        2.230301E+03	       -2.607470E+05	        1.291571E-01	       -1.229684E+08	        3.064388E-01	        8.533843E-04	        4.027497E+02	        2.804592E+02
        2.653446E-03	        4.112292E-01	        0.000000E+00	        6.335926E-19	        1.956547E-38	        0.000000E+00	        0.000000E+00	        0.000000E+00	        9.533672E-05	        1.867587E-04	        1.735828E-06	        4.402307E-04	        1.020565E-02	        1.582438E-01	        0.000000E+00	        9.351905E-08	        2.776237E-09	        2.299099E-01	        1.203009E-01	        5.150522E-06	        7.262155E-07	        9.169645E-07	        2.161697E-05	        1.101768E-03	        6.406704E-05	        2.268173E-05	        3.988006E-05	        2.445800E-04	        5.538426E-02	        1.352112E-06	        3.863363E-06	        1.475322E-06	        4.281187E-08	        3.858519E-03	        1.147733E-10	        5.231409E-06	        3.347468E-04	        4.741601E-07	        2.066292E-04	        4.260602E-09	        1.591168E-08	        2.218329E-05	        1.565994E-13	        2.264643E-11	        2.763622E-06	        4.087118E-10	        4.404919E-07	        3.864135E-03	        3.867666E-04	        1.576687E-04	        1.020429E-08	        4.504618E-07	        1.476885E-06	        9.206569E-07	        9.580822E-06	        7.548979E-06	        8.902841E-04	        1.070711E-05	        2.209539E-03	        3.469114E-06	        2.310522E-08	        6.762176E-14	        2.161546E-06	        1.531370E-04	        3.635456E-04	        8.359851E-07	        8.312962E-10	        7.100550E-07	        7.219663E-11	        0.000000E+00	        0.000000E+00	        0.000000E+00	        0.000000E+00	        0.000000E+00	        0.000000E+00	        0.000000E+00	       -3.354138E-01	       -3.811200E-02	       -4.252710E-03	       -2.132197E-01	        3.696508E+00	       -1.110375E+00	        0.000000E+00	       -2.609068E-05	       -7.904608E-07	        2.011254E+00	       -3.066694E-01	       -1.079536E-03	       -1.941532E-03	       -1.590668E-03	       -9.922702E-03	        1.699484E-01	       -1.374512E-03	       -3.199483E-03	       -1.943615E-03	        5.448636E-03	       -7.697803E-01	       -7.470121E-04	        2.414572E-05	       -1.535901E-04	       -6.408700E-06	       -9.523873E-01	       -3.342935E-09	        3.047424E-04	       -1.394444E-02	        5.156131E-05	        8.000750E-03	       -2.386323E-07	        1.050324E-07	        2.317737E-03	       -3.156150E-10	       -4.718855E-09	       -1.981526E-03	       -2.321891E-07	       -2.685165E-04	        1.802069E-01	       -9.501692E-02	       -3.808810E-02	       -9.245046E-07	       -1.307877E-05	       -1.274473E-04	       -1.745395E-04	       -2.104349E-03	       -3.076671E-03	        8.836911E-02	        7.825164E-04	        5.092805E-02	        8.520096E-05	       -2.683686E-06	       -2.208738E-10	       -1.060103E-04	        3.375364E-03	        4.510451E-03	       -9.331344E-04	       -2.495200E-07	       -8.303231E-05	        1.041706E-11	        2.256710E+03	       -2.721317E+05	        1.278077E-01	       -1.118443E+08	        2.982242E-01	        8.733379E-04	        3.925414E+02	        2.737007E+02
        2.670565E-03	        4.159267E-01	        0.000000E+00	        6.183786E-19	        2.118798E-38	        0.000000E+00	        0.000000E+00	        0.000000E+00	        1.059642E-04	        2.046258E-04	        2.373295E-06	        5.095090E-04	        1.014727E-02	        1.573746E-01	        0.000000E+00	        1.056150E-07	        3.213609E-09	        2.310520E-01	        1.209367E-01	        5.890253E-06	        9.709069E-07	        1.173130E-06	        2.486799E-05	        1.085163E-03	        6.713518E-05	        2.553681E-05	        4.386898E-05	        2.345084E-04	        5.084408E-02	        1.578930E-06	        3.644205E-06	        1.647025E-06	        4.829764E-08	        3.388368E-03	        1.148430E-10	        5.135099E-06	        3.028828E-04	        4.526848E-07	        2.040787E-04	        4.452340E-09	        1.448184E-08	        2.269175E-05	        1.550134E-13	        1.880371E-11	        2.128369E-06	        3.062923E-10	        3.351522E-07	        3.540244E-03	        3.178645E-04	        1.296448E-04	        8.847068E-09	        3.927493E-07	        1.258637E-06	        7.788347E-07	        1.111914E-05	        5.799123E-06	        9.038708E-04	        1.100559E-05	        2.077935E-03	        3.230883E-06	        1.986138E-08	        6.269847E-14	        2.429417E-06	        1.400046E-04	        3.272221E-04	        5.478796E-07	        6.687399E-10	        6.020089E-07	        7.026343E-11	        0.000000E+00	        0.000000E+00	        0.000000E+00	        0.000000E+00	        0.000000E+00	        0.000000E+00	        0.000000E+00	       -3.477757E-01	       -4.677771E-02	       -5.698378E-03	       -2.411949E-01	        3.864151E+00	       -1.201177E+00	        0.000000E+00	       -3.230921E-05	       -9.366536E-07	        2.314540E+00	       -3.895303E-01	       -1.151869E-03	       -2.433389E-03	       -1.889963E-03	       -1.027693E-02	        1.552894E-01	       -1.531560E-03	       -3.408939E-03	       -8.020055E-04	        5.348408E-03	       -8.263847E-01	       -7.877413E-04	       -1.595817E-05	       -1.538628E-04	       -6.840090E-06	       -9.128252E-01	       -4.225869E-09	        2.850312E-04	       -1.690542E-02	        4.194194E-05	        8.691152E-03	       -2.993052E-07	       -1.203374E-07	        2.743494E-03	       -3.219982E-10	       -4.389373E-09	       -1.634269E-03	       -1.919805E-07	       -2.096832E-04	        1.248102E-01	       -8.672885E-02	       -3.498727E-02	       -9.822827E-07	       -1.846616E-05	       -1.336076E-04	       -1.585513E-04	       -2.305212E-03	       -2.494602E-03	        1.003593E-01	        8.818386E-04	        4.773883E-02	        6.579952E-05	       -2.753533E-06	       -2.430361E-10	       -6.968203E-05	        2.501676E-03	        1.659852E-03	       -6.510763E-04	       -2.100297E-07	       -7.657297E-05	        8.661977E-12	        2.282986E+03	       -2.832476E+05	        1.265112E-01	       -9.456003E+07	        2.902078E-01	        8.931256E-04	        3.822669E+02	        2.670862E+02
        2.687684E-03	        4.205104E-01	        0.000000E+00	        6.033584E-19	        2.277369E-38	        0.000000E+00	        0.000000E+00	        0.000000E+00	        1.172222E-04	        2.258473E-04	        3.225898E-06	        5.874843E-04	        1.007060E-02	        1.565812E-01	        0.000000E+00	        1.201155E-07	        3.721003E-09	        2.320024E-01	        1.216005E-01	        6.696253E-06	        1.283614E-06	        1.485168E-06	        2.840519E-05	        1.063052E-03	        7.024567E-05	        2.867656E-05	        4.780029E-05	        2.241119E-04	        4.646818E-02	        1.827806E-06	        3.431662E-06	        1.826600E-06	        5.418088E-08	        2.966640E-03	        1.154222E-10	        5.021193E-06	        2.729898E-04	        4.285887E-07	        2.006657E-04	        4.671531E-09	        1.311676E-08	        2.300486E-05	        1.527355E-13	        1.552903E-11	        1.632831E-06	        2.277816E-10	        2.546876E-07	        3.211857E-03	        2.594207E-04	        1.058454E-04	        7.624224E-09	        3.392092E-07	        1.064658E-06	        6.569189E-07	        1.285366E-05	        4.424054E-06	        9.074680E-04	        1.117632E-05	        1.943469E-03	        2.989897E-06	        1.698176E-08	        5.760134E-14	        2.699362E-06	        1.265689E-04	        2.914664E-04	        3.558856E-07	        5.364935E-10	        5.068583E-07	        6.837530E-11	        0.000000E+00	        0.000000E+00	        0.000000E+00	        0.000000E+00	        0.000000E+00	        0.000000E+00	        0.000000E+00	       -3.683006E-01	       -5.756876E-02	       -7.627666E-03	       -2.751260E-01	        4.028983E+00	       -1.290351E+00	        0.000000E+00	       -3.997672E-05	       -1.127514E-06	        2.651224E+00	       -4.844978E-01	       -1.248930E-03	       -3.038193E-03	       -2.237200E-03	       -1.060202E-02	        1.391644E-01	       -1.750145E-03	       -3.597813E-03	        4.555544E-04	        5.216009E-03	       -8.967556E-01	       -8.363459E-04	       -4.990087E-05	       -1.588309E-04	       -7.443650E-06	       -8.616047E-01	       -5.192844E-09	        2.555872E-04	       -1.884609E-02	        3.232002E-05	        9.415983E-03	       -3.762276E-07	       -3.097733E-07	        3.136079E-03	       -3.297898E-10	       -4.045357E-09	       -1.330777E-03	       -1.557632E-07	       -1.636970E-04	        7.060479E-02	       -7.816936E-02	       -3.169179E-02	       -1.009165E-06	       -2.329325E-05	       -1.353007E-04	       -1.426893E-04	       -2.497461E-03	       -2.020814E-03	        1.097498E-01	        9.102940E-04	        4.393477E-02	        4.481053E-05	       -2.732124E-06	       -2.662323E-10	       -2.844789E-05	        1.551159E-03	       -1.025053E-03	       -4.501604E-04	       -1.772556E-07	       -7.079135E-05	        7.148822E-12	        2.309098E+03	       -2.941012E+05	        1.252681E-01	       -6.996379E+07	        2.823854E-01	        9.126901E-04	        3.719563E+02	        2.606206E+02
        2.704803E-03	        4.249832E-01	        0.000000E+00	        5.885265E-19	        2.432404E-38	        0.000000E+00	        0.000000E+00	        0.000000E+00	        1.291365E-04	        2.511597E-04	        4.362791E-06	        6.752623E-04	        9.975470E-03	        1.558652E-01	        0.000000E+00	        1.375625E-07	        4.311975E-09	        2.327442E-01	        1.223015E-01	        7.572856E-06	        1.679960E-06	        1.862226E-06	        3.222864E-05	        1.036246E-03	        7.341248E-05	        3.210917E-05	        5.159469E-05	        2.134195E-04	        4.225666E-02	        2.099506E-06	        3.228285E-06	        2.014087E-06	        6.049147E-08	        2.589682E-03	        1.166060E-10	        4.892300E-06	        2.451427E-04	        4.026748E-07	        1.963461E-04	        4.925301E-09	        1.183734E-08	        2.310410E-05	        1.499152E-13	        1.276632E-11	        1.249345E-06	        1.683538E-10	        1.933948E-07	        2.884531E-03	        2.102217E-04	        8.579661E-05	        6.534123E-09	        2.900937E-07	        8.943808E-07	        5.526064E-07	        1.479603E-05	        3.348782E-06	        9.005393E-04	        1.121998E-05	        1.806763E-03	        2.749005E-06	        1.445203E-08	        5.251378E-14	        2.966119E-06	        1.130783E-04	        2.567665E-04	        2.294485E-07	        4.290970E-10	        4.234044E-07	        6.653151E-11	        0.000000E+00	        0.000000E+00	        0.000000E+00	        0.000000E+00	        0.000000E+00	        0.000000E+00	        0.000000E+00	       -4.029744E-01	       -7.108468E-02	       -9.989480E-03	       -3.154315E-01	        4.197111E+00	       -1.377521E+00	        0.000000E+00	       -4.934777E-05	       -1.389358E-06	        3.024151E+00	       -5.923139E-01	       -1.385260E-03	       -3.787708E-03	       -2.613349E-03	       -1.101155E-02	        1.234834E-01	       -2.019357E-03	       -3.821922E-03	        1.659718E-03	        5.012538E-03	       -9.823379E-01	       -8.974268E-04	       -7.742627E-05	       -1.737859E-04	       -8.293260E-06	       -8.013261E-01	       -6.907815E-09	        2.173529E-04	       -1.978793E-02	        2.434935E-05	        1.013189E-02	       -5.059616E-07	       -5.524678E-07	        3.554500E-03	       -3.403949E-10	       -3.611946E-09	       -1.076807E-03	       -1.261885E-07	       -1.286958E-04	        1.952886E-02	       -6.986323E-02	       -2.843424E-02	       -9.764413E-07	       -2.828284E-05	       -1.375383E-04	       -1.271626E-04	       -2.671474E-03	       -1.702296E-03	        1.160274E-01	        8.418309E-04	        3.942488E-02	        1.829002E-05	       -2.593834E-06	       -2.907062E-10	        1.036454E-05	        5.690072E-04	       -3.473731E-03	       -3.191824E-04	       -1.543277E-07	       -6.529980E-05	        5.854184E-12	        2.335007E+03	       -3.046997E+05	        1.240793E-01	       -3.681518E+07	        2.747525E-01	        9.319683E-04	        3.630648E+02	        2.548097E+02
        2.713362E-03	        4.271855E-01	        0.000000E+00	        5.811538E-19	        2.508890E-38	        0.000000E+00	        0.000000E+00	        0.000000E+00	        1.353832E-04	        2.657501E-04	        5.071977E-06	        7.234969E-04	        9.920719E-03	        1.555358E-01	        0.000000E+00	        1.476759E-07	        4.647151E-09	        2.330302E-01	        1.226710E-01	        8.041859E-06	        1.917652E-06	        2.079589E-06	        3.425577E-05	        1.021310E-03	        7.502859E-05	        3.394591E-05	        5.341860E-05	        2.079578E-04	        4.020692E-02	        2.244851E-06	        3.130474E-06	        2.111419E-06	        6.383617E-08	        2.416097E-03	        1.174956E-10	        4.823145E-06	        2.319507E-04	        3.892347E-07	        1.938209E-04	        5.070351E-09	        1.123778E-08	        2.306567E-05	        1.483632E-13	        1.155051E-11	        1.090811E-06	        1.443002E-10	        1.682813E-07	        2.722649E-03	        1.886151E-04	        7.699044E-05	        6.034717E-09	        2.672297E-07	        8.177677E-07	        5.061297E-07	        1.585241E-05	        2.903403E-06	        8.929991E-04	        1.119894E-05	        1.737606E-03	        2.629509E-06	        1.330596E-08	        5.003688E-14	        3.096916E-06	        1.063836E-04	        2.399217E-04	        1.833519E-07	        3.831589E-10	        3.855547E-07	        6.562323E-11	        0.000000E+00	        0.000000E+00	        0.000000E+00	        0.000000E+00	        0.000000E+00	        0.000000E+00	        0.000000E+00	       -4.231136E-01	       -7.915619E-02	       -1.194313E-02	       -3.436244E-01	        4.280437E+00	       -1.415579E+00	        0.000000E+00	       -5.504251E-05	       -1.548485E-06	        3.225920E+00	       -6.510417E-01	       -1.468523E-03	       -4.257634E-03	       -2.884869E-03	       -1.105534E-02	        1.160594E-01	       -2.118399E-03	       -3.843220E-03	        2.485957E-03	        4.987206E-03	       -1.032495E+00	       -9.327409E-04	       -8.476972E-05	       -1.773888E-04	       -8.745484E-06	       -7.684804E-01	       -6.725962E-09	        2.065993E-04	       -1.986159E-02	        1.985416E-05	        1.050460E-02	       -5.395249E-07	       -4.873721E-07	        3.641265E-03	       -3.463072E-10	       -3.445873E-09	       -9.523394E-04	       -1.095450E-07	       -1.121867E-04	       -5.287093E-03	       -6.535854E-02	       -2.663273E-02	       -9.851820E-07	       -2.899149E-05	       -1.294343E-04	       -1.189951E-04	       -2.744625E-03	       -1.456871E-03	        1.179168E-01	        8.206048E-04	        3.685680E-02	        1.415591E-05	       -2.549546E-06	       -3.032217E-10	        4.095856E-05	        7.859513E-05	       -4.619803E-03	       -2.526362E-04	       -1.369902E-07	       -6.277863E-05	        5.279810E-12	        2.347866E+03	       -3.099962E+05	        1.235062E-01	       -1.562426E+07	        2.709942E-01	        9.414776E-04	        3.585771E+02	        2.519479E+02
        2.721922E-03	        4.293608E-01	        0.000000E+00	        5.738262E-19	        2.584531E-38	        0.000000E+00	        0.000000E+00	        0.000000E+00	        1.418189E-04	        2.817373E-04	        5.891292E-06	        7.747743E-04	        9.861270E-03	        1.552264E-01	        0.000000E+00	        1.587953E-07	        5.010981E-09	        2.332565E-01	        1.230539E-01	        8.531470E-06	        2.184240E-06	        2.317569E-06	        3.635457E-05	        1.005473E-03	        7.666455E-05	        3.585820E-05	        5.517756E-05	        2.024328E-04	        3.819904E-02	        2.396405E-06	        3.035559E-06	        2.210964E-06	        6.730647E-08	        2.252311E-03	        1.185730E-10	        4.751227E-06	        2.192671E-04	        3.755883E-07	        1.910520E-04	        5.227871E-09	        1.066425E-08	        2.296824E-05	        1.467248E-13	        1.044130E-11	        9.520397E-07	        1.235486E-10	        1.464133E-07	        2.562880E-03	        1.689024E-04	        6.895606E-05	        5.566496E-09	        2.455158E-07	        7.466193E-07	        4.632634E-07	        1.696419E-05	        2.511407E-06	        8.827602E-04	        1.115060E-05	        1.668149E-03	        2.511021E-06	        1.223900E-08	        4.761839E-14	        3.224805E-06	        9.976616E-05	        2.234962E-04	        1.463290E-07	        3.418248E-10	        3.502419E-07	        6.472584E-11	        0.000000E+00	        0.000000E+00	        0.000000E+00	        0.000000E+00	        0.000000E+00	        0.000000E+00	        0.000000E+00	       -4.489470E-01	       -8.823909E-02	       -1.403998E-02	       -3.740987E-01	        4.367147E+00	       -1.452634E+00	        0.000000E+00	       -6.131999E-05	       -1.740105E-06	        3.438262E+00	       -7.132801E-01	       -1.565244E-03	       -4.782123E-03	       -3.150267E-03	       -1.115123E-02	        1.094326E-01	       -2.212524E-03	       -3.892603E-03	        3.227535E-03	        4.935849E-03	       -1.087000E+00	       -9.710261E-04	       -9.048682E-05	       -1.853905E-04	       -9.284068E-06	       -7.344717E-01	       -7.118233E-09	        1.950303E-04	       -1.971162E-02	        1.641654E-05	        1.085520E-02	       -6.109465E-07	       -5.243164E-07	        3.789958E-03	       -3.532206E-10	       -3.208194E-09	       -8.413671E-04	       -9.557800E-08	       -9.795807E-05	       -2.879286E-02	       -6.104795E-02	       -2.490117E-02	       -9.666973E-07	       -3.054548E-05	       -1.244298E-04	       -1.109669E-04	       -2.805756E-03	       -1.304680E-03	        1.188959E-01	        7.714579E-04	        3.408949E-02	        5.683935E-06	       -2.468136E-06	       -3.162133E-10	        6.773954E-05	       -4.027725E-04	       -5.692775E-03	       -2.037827E-04	       -1.252684E-07	       -6.016662E-05	        4.751301E-12	        2.360653E+03	       -3.152289E+05	        1.229473E-01	        8.335762E+06	        2.672820E-01	        9.508876E-04	        3.533386E+02	        2.488601E+02
        2.730481E-03	        4.315094E-01	        0.000000E+00	        5.665433E-19	        2.659348E-38	        0.000000E+00	        0.000000E+00	        0.000000E+00	        1.484560E-04	        2.992756E-04	        6.839495E-06	        8.293582E-04	        9.797102E-03	        1.549369E-01	        0.000000E+00	        1.710306E-07	        5.406972E-09	        2.334205E-01	        1.234514E-01	        9.043020E-06	        2.483095E-06	        2.577915E-06	        3.852451E-05	        9.888109E-04	        7.832169E-05	        3.784584E-05	        5.686092E-05	        1.968472E-04	        3.623327E-02	        2.554371E-06	        2.943605E-06	        2.312830E-06	        7.091016E-08	        2.097822E-03	        1.198462E-10	        4.676785E-06	        2.070811E-04	        3.618024E-07	        1.880348E-04	        5.399515E-09	        1.011756E-08	        2.281051E-05	        1.450138E-13	        9.430591E-12	        8.306250E-07	        1.056610E-10	        1.273643E-07	        2.405765E-03	        1.509446E-04	        6.163741E-05	        5.128472E-09	        2.249518E-07	        6.806701E-07	        4.237425E-07	        1.813182E-05	        2.166930E-06	        8.698478E-04	        1.107706E-05	        1.598487E-03	        2.393795E-06	        1.124776E-08	        4.527093E-14	        3.349006E-06	        9.325424E-05	        2.075329E-04	        1.165865E-07	        3.046275E-10	        3.173375E-07	        6.383921E-11	        0.000000E+00	        0.000000E+00	        0.000000E+00	        0.000000E+00	        0.000000E+00	        0.000000E+00	        0.000000E+00	       -4.802190E-01	       -9.847863E-02	       -1.648350E-02	       -4.081282E-01	        4.457343E+00	       -1.487563E+00	        0.000000E+00	       -6.824948E-05	       -1.964807E-06	        3.661790E+00	       -7.790641E-01	       -1.676346E-03	       -5.369220E-03	       -3.435855E-03	       -1.121395E-02	        1.038063E-01	       -2.284476E-03	       -3.934869E-03	        3.968458E-03	        4.876422E-03	       -1.146398E+00	       -1.011692E-03	       -9.413133E-05	       -1.949269E-04	       -9.860383E-06	       -6.997144E-01	       -7.619671E-09	        1.838034E-04	       -1.935445E-02	        1.355900E-05	        1.119367E-02	       -6.915010E-07	       -5.513607E-07	        3.924324E-03	       -3.605822E-10	       -2.973788E-09	       -7.422932E-04	       -8.344708E-08	       -8.560550E-05	       -5.092469E-02	       -5.692655E-02	       -2.323888E-02	       -9.375685E-07	       -3.195349E-05	       -1.199518E-04	       -1.031587E-04	       -2.849778E-03	       -1.168518E-03	        1.189393E-01	        7.061218E-04	        3.110689E-02	       -3.469591E-06	       -2.365521E-06	       -3.295610E-10	        9.491517E-05	       -8.698779E-04	       -6.692416E-03	       -1.654245E-04	       -1.149762E-07	       -5.763053E-05	        4.265300E-12	        2.373361E+03	       -3.203989E+05	        1.224029E-01	        3.543892E+07	        2.636153E-01	        9.601883E-04	        3.481097E+02	        2.458126E+02
        2.739041E-03	        4.336317E-01	        0.000000E+00	        5.593045E-19	        2.733359E-38	        0.000000E+00	        0.000000E+00	        0.000000E+00	        1.553101E-04	        3.185385E-04	        7.938331E-06	        8.875439E-04	        9.728189E-03	        1.546674E-01	        0.000000E+00	        1.845022E-07	        5.839240E-09	        2.335193E-01	        1.238652E-01	        9.578065E-06	        2.817976E-06	        2.862498E-06	        4.076478E-05	        9.713926E-04	        8.000087E-05	        3.990847E-05	        5.845827E-05	        1.912038E-04	        3.430994E-02	        2.718967E-06	        2.854640E-06	        2.417152E-06	        7.465560E-08	        1.952132E-03	        1.213263E-10	        4.600049E-06	        1.953786E-04	        3.479317E-07	        1.847650E-04	        5.587135E-09	        9.598238E-09	        2.259138E-05	        1.432412E-13	        8.510515E-12	        7.244364E-07	        9.025862E-11	        1.107662E-07	        2.251796E-03	        1.346104E-04	        5.498138E-05	        4.719410E-09	        2.055322E-07	        6.196780E-07	        3.873131E-07	        1.935536E-05	        1.864750E-06	        8.543081E-04	        1.098096E-05	        1.528720E-03	        2.278102E-06	        1.032837E-08	        4.300654E-14	        3.468750E-06	        8.687454E-05	        1.920701E-04	        9.272118E-08	        2.711581E-10	        2.867184E-07	        6.296323E-11	        0.000000E+00	        0.000000E+00	        0.000000E+00	        0.000000E+00	        0.000000E+00	        0.000000E+00	        0.000000E+00	       -5.171110E-01	       -1.100443E-01	       -1.939491E-02	       -4.466244E-01	        4.551530E+00	       -1.519594E+00	        0.000000E+00	       -7.590096E-05	       -2.228143E-06	        3.897200E+00	       -8.484675E-01	       -1.802061E-03	       -6.027029E-03	       -3.746241E-03	       -1.120648E-02	        9.937999E-02	       -2.317906E-03	       -3.956969E-03	        4.724781E-03	        4.818780E-03	       -1.211024E+00	       -1.053240E-03	       -9.540486E-05	       -2.049570E-04	       -1.045669E-05	       -6.646222E-01	       -8.138622E-09	        1.749087E-04	       -1.880742E-02	        1.125019E-05	        1.151977E-02	       -7.802793E-07	       -5.652724E-07	        4.042495E-03	       -3.681127E-10	       -2.748360E-09	       -6.538024E-04	       -7.275079E-08	       -7.482072E-05	       -7.163551E-02	       -5.298998E-02	       -2.164488E-02	       -9.027201E-07	       -3.317458E-05	       -1.152477E-04	       -9.559850E-05	       -2.870994E-03	       -1.045428E-03	        1.180299E-01	        6.301234E-04	        2.790011E-02	       -1.232212E-05	       -2.249864E-06	       -3.432384E-10	        1.232775E-04	       -1.317836E-03	       -7.618481E-03	       -1.343955E-04	       -1.056874E-07	       -5.520409E-05	        3.818762E-12	        2.385980E+03	       -3.255071E+05	        1.218731E-01	        6.602753E+07	        2.599934E-01	        9.693689E-04	        3.428926E+02	        2.428057E+02
        2.747600E-03	        4.357281E-01	        0.000000E+00	        5.521093E-19	        2.806584E-38	        0.000000E+00	        0.000000E+00	        0.000000E+00	        1.623999E-04	        3.397217E-04	        9.213636E-06	        9.496669E-04	        9.654499E-03	        1.544181E-01	        0.000000E+00	        1.993427E-07	        6.312617E-09	        2.335501E-01	        1.242968E-01	        1.013839E-05	        3.193075E-06	        3.173343E-06	        4.307400E-05	        9.532724E-04	        8.170227E-05	        4.204523E-05	        5.995922E-05	        1.855056E-04	        3.242943E-02	        2.890414E-06	        2.768641E-06	        2.524070E-06	        7.855135E-08	        1.814751E-03	        1.230243E-10	        4.521203E-06	        1.841422E-04	        3.340199E-07	        1.812387E-04	        5.792759E-09	        9.106420E-09	        2.231010E-05	        1.414151E-13	        7.673634E-12	        6.315854E-07	        7.701023E-11	        9.629920E-08	        2.101423E-03	        1.197758E-04	        4.893768E-05	        4.337953E-09	        1.872455E-07	        5.633986E-07	        3.537334E-07	        2.063431E-05	        1.600177E-06	        8.362089E-04	        1.086521E-05	        1.458951E-03	        2.164198E-06	        9.476724E-09	        4.083544E-14	        3.583246E-06	        8.065198E-05	        1.771419E-04	        7.360390E-08	        2.410500E-10	        2.582676E-07	        6.209777E-11	        0.000000E+00	        0.000000E+00	        0.000000E+00	        0.000000E+00	        0.000000E+00	        0.000000E+00	        0.000000E+00	       -5.599106E-01	       -1.231337E-01	       -2.289893E-02	       -4.904325E-01	        4.650334E+00	       -1.548016E+00	        0.000000E+00	       -8.434624E-05	       -2.537919E-06	        4.145279E+00	       -9.215799E-01	       -1.941790E-03	       -6.762767E-03	       -4.081885E-03	       -1.109176E-02	        9.633558E-02	       -2.294292E-03	       -3.948105E-03	        5.504311E-03	        4.770136E-03	       -1.281199E+00	       -1.093658E-03	       -9.407405E-05	       -2.146905E-04	       -1.105248E-05	       -6.296021E-01	       -8.647811E-09	        1.700389E-04	       -1.809000E-02	        9.502400E-06	        1.182954E-02	       -8.789672E-07	       -5.661128E-07	        4.143136E-03	       -3.753852E-10	       -2.528981E-09	       -5.747519E-04	       -6.326563E-08	       -6.535966E-05	       -9.089981E-02	       -4.923294E-02	       -2.011764E-02	       -8.636293E-07	       -3.420650E-05	       -1.101592E-04	       -8.829427E-05	       -2.862479E-03	       -9.341936E-04	        1.161568E-01	        5.479692E-04	        2.446171E-02	       -2.052755E-05	       -2.125832E-06	       -3.572419E-10	        1.531942E-04	       -1.742202E-03	       -8.471359E-03	       -1.090262E-04	       -9.721138E-08	       -5.288468E-05	        3.408792E-12	        2.398500E+03	       -3.305543E+05	        1.213583E-01	        1.004635E+08	        2.564158E-01	        9.784180E-04	        3.376894E+02	        2.398396E+02
        2.756160E-03	        4.377989E-01	        0.000000E+00	        5.449572E-19	        2.879041E-38	        0.000000E+00	        0.000000E+00	        0.000000E+00	        1.697473E-04	        3.630463E-04	        1.069645E-05	        1.016110E-03	        9.575999E-03	        1.541887E-01	        0.000000E+00	        2.156976E-07	        6.832788E-09	        2.335098E-01	        1.247479E-01	        1.072599E-05	        3.613067E-06	        3.512631E-06	        4.544990E-05	        9.344911E-04	        8.342500E-05	        4.425454E-05	        6.135326E-05	        1.797548E-04	        3.059220E-02	        3.068919E-06	        2.685533E-06	        2.633720E-06	        8.260578E-08	        1.685199E-03	        1.249512E-10	        4.440361E-06	        1.733522E-04	        3.201000E-07	        1.774526E-04	        6.018625E-09	        8.641888E-09	        2.196615E-05	        1.395398E-13	        6.912823E-12	        5.503982E-07	        6.562433E-11	        8.368480E-08	        1.955048E-03	        1.063238E-04	        4.345876E-05	        3.982667E-09	        1.700742E-07	        5.115790E-07	        3.227729E-07	        2.196743E-05	        1.368998E-06	        8.156385E-04	        1.073284E-05	        1.389287E-03	        2.052310E-06	        8.688595E-09	        3.876572E-14	        3.691676E-06	        7.460948E-05	        1.627782E-04	        5.831726E-08	        2.139719E-10	        2.318740E-07	        6.124272E-11	        0.000000E+00	        0.000000E+00	        0.000000E+00	        0.000000E+00	        0.000000E+00	        0.000000E+00	        0.000000E+00	       -6.088049E-01	       -1.379776E-01	       -2.716455E-02	       -5.405076E-01	        4.754325E+00	       -1.571999E+00	        0.000000E+00	       -9.365972E-05	       -2.903727E-06	        4.406903E+00	       -9.984913E-01	       -2.093642E-03	       -7.582168E-03	       -4.441380E-03	       -1.081544E-02	        9.482721E-02	       -2.191744E-03	       -3.891095E-03	        6.319672E-03	        4.737810E-03	       -1.357277E+00	       -1.129806E-03	       -8.991425E-05	       -2.229952E-04	       -1.161582E-05	       -5.950495E-01	       -9.112695E-09	        1.709565E-04	       -1.722468E-02	        8.310669E-06	        1.211860E-02	       -9.886809E-07	       -5.540335E-07	        4.223745E-03	       -3.818257E-10	       -2.312725E-09	       -5.040771E-04	       -5.482290E-08	       -5.701555E-05	       -1.087167E-01	       -4.564713E-02	       -1.865440E-02	       -8.211963E-07	       -3.505021E-05	       -1.046390E-04	       -8.125226E-05	       -2.815830E-03	       -8.337743E-04	        1.133148E-01	        4.652668E-04	        2.078404E-02	       -2.781334E-05	       -1.997103E-06	       -3.715741E-10	        1.852089E-04	       -2.139031E-03	       -9.251966E-03	       -8.818637E-05	       -8.943078E-08	       -5.066332E-05	        3.032589E-12	        2.410909E+03	       -3.355416E+05	        1.208589E-01	        1.391463E+08	        2.528819E-01	        9.873234E-04	        3.325019E+02	        2.369146E+02
        2.764719E-03	        4.398445E-01	        0.000000E+00	        5.378476E-19	        2.950749E-38	        0.000000E+00	        0.000000E+00	        0.000000E+00	        1.773775E-04	        3.887628E-04	        1.242452E-05	        1.087313E-03	        9.492644E-03	        1.539793E-01	        0.000000E+00	        2.337268E-07	        7.406472E-09	        2.333951E-01	        1.252200E-01	        1.134302E-05	        4.083130E-06	        3.882684E-06	        4.788891E-05	        9.150744E-04	        8.516679E-05	        4.653365E-05	        6.262957E-05	        1.739535E-04	        2.879878E-02	        3.254649E-06	        2.605192E-06	        2.746203E-06	        8.682648E-08	        1.563013E-03	        1.271160E-10	        4.357538E-06	        1.629866E-04	        3.061940E-07	        1.734040E-04	        6.267206E-09	        8.204067E-09	        2.155939E-05	        1.376159E-13	        6.221197E-12	        4.793900E-07	        5.584373E-11	        7.267892E-08	        1.813030E-03	        9.414445E-05	        3.849963E-05	        3.652068E-09	        1.539952E-07	        4.639571E-07	        2.942127E-07	        2.335264E-05	        1.167434E-06	        7.927053E-04	        1.058687E-05	        1.319842E-03	        1.942633E-06	        7.959723E-09	        3.680316E-14	        3.793178E-06	        6.876779E-05	        1.490049E-04	        4.611260E-08	        1.896229E-10	        2.074320E-07	        6.039794E-11	        0.000000E+00	        0.000000E+00	        0.000000E+00	        0.000000E+00	        0.000000E+00	        0.000000E+00	        0.000000E+00	       -6.636292E-01	       -1.548454E-01	       -3.247415E-02	       -5.981102E-01	        4.863784E+00	       -1.590378E+00	        0.000000E+00	       -1.039193E-04	       -3.336464E-06	        4.683030E+00	       -1.079271E+00	       -2.253826E-03	       -8.488794E-03	       -4.824849E-03	       -1.027921E-02	        9.496722E-02	       -1.983871E-03	       -3.748683E-03	        7.214481E-03	        4.731536E-03	       -1.439705E+00	       -1.156114E-03	       -8.266432E-05	       -2.276087E-04	       -1.208419E-05	       -5.613438E-01	       -9.408708E-09	        1.804662E-04	       -1.623828E-02	        7.599354E-06	        1.238552E-02	       -1.102075E-06	       -5.279400E-07	        4.279527E-03	       -3.867219E-10	       -2.101735E-09	       -4.406874E-04	       -4.722034E-08	       -4.958898E-05	       -1.251154E-01	       -4.221815E-02	       -1.724975E-02	       -7.779517E-07	       -3.568215E-05	       -9.830226E-05	       -7.449186E-05	       -2.721014E-03	       -7.429040E-04	        1.095032E-01	        3.922245E-04	        1.685689E-02	       -3.351793E-05	       -1.868543E-06	       -3.862211E-10	        2.211290E-04	       -2.504917E-03	       -9.961709E-03	       -7.076870E-05	       -8.219568E-08	       -4.853561E-05	        2.687435E-12	        2.423194E+03	       -3.404700E+05	        1.203754E-01	        1.825327E+08	        2.493911E-01	        9.960721E-04	        3.273320E+02	        2.340309E+02
        2.773279E-03	        4.418652E-01	        0.000000E+00	        5.307801E-19	        3.021727E-38	        0.000000E+00	        0.000000E+00	        0.000000E+00	        1.853188E-04	        4.171553E-04	        1.444487E-05	        1.163784E-03	        9.404388E-03	        1.537898E-01	        0.000000E+00	        2.536056E-07	        8.041617E-09	        2.332028E-01	        1.257151E-01	        1.199175E-05	        4.608968E-06	        4.285961E-06	        5.038537E-05	        8.950326E-04	        8.692350E-05	        4.887776E-05	        6.377636E-05	        1.681029E-04	        2.704978E-02	        3.447684E-06	        2.527431E-06	        2.861555E-06	        9.121914E-08	        1.447744E-03	        1.295232E-10	        4.272610E-06	        1.530220E-04	        2.923154E-07	        1.690906E-04	        6.541016E-09	        7.792020E-09	        2.109003E-05	        1.356399E-13	        5.592151E-12	        4.172409E-07	        4.743920E-11	        6.306613E-08	        1.675687E-03	        8.313353E-05	        3.401770E-05	        3.344679E-09	        1.389796E-07	        4.202487E-07	        2.678458E-07	        2.478671E-05	        9.920873E-07	        7.675377E-04	        1.042991E-05	        1.250732E-03	        1.835307E-06	        7.285946E-09	        3.495053E-14	        3.886792E-06	        6.314535E-05	        1.358443E-04	        3.636932E-08	        1.677271E-10	        1.848413E-07	        5.956331E-11	        0.000000E+00	        0.000000E+00	        0.000000E+00	        0.000000E+00	        0.000000E+00	        0.000000E+00	        0.000000E+00	       -7.234299E-01	       -1.740506E-01	       -3.942599E-02	       -6.651515E-01	        4.978341E+00	       -1.601241E+00	        0.000000E+00	       -1.152084E-04	       -3.844415E-06	        4.974691E+00	       -1.163925E+00	       -2.417209E-03	       -9.482432E-03	       -5.262814E-03	       -9.253013E-03	        9.679595E-02	       -1.636652E-03	       -3.424512E-03	        8.428921E-03	        4.766694E-03	       -1.529314E+00	       -1.160373E-03	       -7.200936E-05	       -2.227673E-04	       -1.226838E-05	       -5.288418E-01	       -8.963595E-09	        2.041773E-04	       -1.516521E-02	        6.883521E-06	        1.263824E-02	       -1.144631E-06	       -4.106321E-07	        4.272600E-03	       -3.887850E-10	       -1.941124E-09	       -3.833115E-04	       -4.007550E-08	       -4.284073E-05	       -1.401676E-01	       -3.891990E-02	       -1.589332E-02	       -7.434547E-07	       -3.538422E-05	       -8.874723E-05	       -6.807913E-05	       -2.566085E-03	       -6.319516E-04	        1.047250E-01	        3.541650E-04	        1.265842E-02	       -3.493469E-05	       -1.749549E-06	       -4.009074E-10	        2.706016E-04	       -2.837056E-03	       -1.060356E-02	       -5.445897E-05	       -7.350155E-08	       -4.652917E-05	        2.370657E-12	        2.435342E+03	       -3.453404E+05	        1.199081E-01	        2.311765E+08	        2.459427E-01	        1.004650E-03	        3.215896E+02	        2.309766E+02
        2.790398E-03	        4.458220E-01	        0.000000E+00	        5.168178E-19	        3.161129E-38	        0.000000E+00	        0.000000E+00	        0.000000E+00	        2.021719E-04	        4.826932E-04	        1.952657E-05	        1.333711E-03	        9.213654E-03	        1.534701E-01	        0.000000E+00	        2.993186E-07	        9.518669E-09	        2.325774E-01	        1.267760E-01	        1.338649E-05	        5.841901E-06	        5.197391E-06	        5.550588E-05	        8.531901E-04	        9.045165E-05	        5.371848E-05	        6.562968E-05	        1.562892E-04	        2.369610E-02	        3.854037E-06	        2.379306E-06	        3.099691E-06	        1.004911E-07	        1.237177E-03	        1.349942E-10	        4.095936E-06	        1.342697E-04	        2.647582E-07	        1.596962E-04	        7.163920E-09	        7.037022E-09	        1.997150E-05	        1.314859E-13	        4.508440E-12	        3.161263E-07	        3.413954E-11	        4.746259E-08	        1.416522E-03	        6.435644E-05	        2.637822E-05	        2.797043E-09	        1.120278E-07	        3.435714E-07	        2.212086E-07	        2.777819E-05	        7.086035E-07	        7.111429E-04	        1.008846E-05	        1.114275E-03	        1.628287E-06	        6.094702E-09	        3.155303E-14	        4.046046E-06	        5.263266E-05	        1.114761E-04	        2.255940E-08	        1.304176E-10	        1.450145E-07	        5.792865E-11	        0.000000E+00	        0.000000E+00	        0.000000E+00	        0.000000E+00	        0.000000E+00	        0.000000E+00	        0.000000E+00	       -8.829471E-01	       -2.206505E-01	       -5.321115E-02	       -8.064487E-01	        5.245715E+00	       -1.619762E+00	        0.000000E+00	       -1.400584E-04	       -5.085579E-06	        5.606115E+00	       -1.346667E+00	       -2.800843E-03	       -1.156978E-02	       -5.986813E-03	       -7.794712E-03	        1.058063E-01	       -6.415377E-04	       -3.348212E-03	        9.465618E-03	        4.572662E-03	       -1.724403E+00	       -1.188265E-03	       -5.137719E-05	       -2.350124E-04	       -1.300406E-05	       -4.684599E-01	       -1.198486E-08	        2.171757E-04	       -1.290898E-02	        8.723716E-06	        1.283826E-02	       -1.550658E-06	       -4.999368E-07	        4.374324E-03	       -3.840901E-10	       -1.585943E-09	       -3.020448E-04	       -3.159591E-08	       -3.385849E-05	       -1.645830E-01	       -3.374202E-02	       -1.378156E-02	       -6.402982E-07	       -3.810676E-05	       -8.670855E-05	       -5.731700E-05	       -2.056851E-03	       -5.509915E-04	        9.248360E-02	        5.677269E-05	        3.621324E-03	       -5.809491E-05	       -1.470425E-06	       -4.321210E-10	        3.154458E-04	       -3.387705E-03	       -1.165195E-02	       -3.974320E-05	       -6.714592E-08	       -4.295130E-05	        1.814007E-12	        2.459180E+03	       -3.547559E+05	        1.190228E-01	        3.427284E+08	        2.391902E-01	        1.021248E-03	        3.114032E+02	        2.254344E+02
        2.798957E-03	        4.477705E-01	        0.000000E+00	        5.098737E-19	        3.230050E-38	        0.000000E+00	        0.000000E+00	        0.000000E+00	        2.112630E-04	        5.212435E-04	        2.278561E-05	        1.429579E-03	        9.110326E-03	        1.533386E-01	        0.000000E+00	        3.259393E-07	        1.039975E-08	        2.321298E-01	        1.273511E-01	        1.414510E-05	        6.572563E-06	        5.715172E-06	        5.812486E-05	        8.311710E-04	        9.220649E-05	        5.622424E-05	        6.632326E-05	        1.503010E-04	        2.208455E-02	        4.068572E-06	        2.307838E-06	        3.223398E-06	        1.054109E-07	        1.140167E-03	        1.381919E-10	        4.003441E-06	        1.253575E-04	        2.509526E-07	        1.545905E-04	        7.529249E-09	        6.695089E-09	        1.931907E-05	        1.292812E-13	        4.034991E-12	        2.744114E-07	        2.883018E-11	        4.104622E-08	        1.294614E-03	        5.631193E-05	        2.310718E-05	        2.550641E-09	        1.000120E-07	        3.101462E-07	        2.003365E-07	        2.932453E-05	        5.949231E-07	        6.802433E-04	        9.917610E-06	        1.046917E-03	        1.528953E-06	        5.561706E-09	        3.003777E-14	        4.110500E-06	        4.775128E-05	        1.002438E-04	        1.767408E-08	        1.145255E-10	        1.274294E-07	        5.712356E-11	        0.000000E+00	        0.000000E+00	        0.000000E+00	        0.000000E+00	        0.000000E+00	        0.000000E+00	        0.000000E+00	       -9.643165E-01	       -2.493369E-01	       -6.541387E-02	       -9.028865E-01	        5.383683E+00	       -1.606605E+00	        0.000000E+00	       -1.544914E-04	       -5.944670E-06	        5.951262E+00	       -1.443876E+00	       -2.942382E-03	       -1.271644E-02	       -6.393087E-03	       -5.363748E-03	        1.133133E-01	        3.054863E-04	       -2.649105E-03	        1.091833E-02	        4.676796E-03	       -1.836222E+00	       -1.110263E-03	       -3.149246E-05	       -2.056507E-04	       -1.228785E-05	       -4.418454E-01	       -1.099123E-08	        2.743010E-04	       -1.177192E-02	        9.119832E-06	        1.290181E-02	       -1.578000E-06	       -3.314143E-07	        4.261636E-03	       -3.722437E-10	       -1.448077E-09	       -2.626581E-04	       -2.675121E-08	       -2.927736E-05	       -1.755890E-01	       -3.100476E-02	       -1.264334E-02	       -5.991755E-07	       -3.709524E-05	       -7.636858E-05	       -5.205650E-05	       -1.628775E-03	       -4.633395E-04	        8.486284E-02	        5.490256E-05	       -1.398131E-03	       -5.528986E-05	       -1.349856E-06	       -4.477843E-10	        3.751323E-04	       -3.606574E-03	       -1.208403E-02	       -3.023888E-05	       -5.985799E-08	       -4.124757E-05	        1.568883E-12	        2.470815E+03	       -3.594614E+05	        1.186080E-01	        4.098111E+08	        2.358651E-01	        1.029221E-03	        3.069251E+02	        2.229391E+02
        2.807517E-03	        4.496956E-01	        0.000000E+00	        5.029697E-19	        3.298320E-38	        0.000000E+00	        0.000000E+00	        0.000000E+00	        2.208212E-04	        5.640576E-04	        2.662536E-05	        1.533390E-03	        9.001809E-03	        1.532258E-01	        0.000000E+00	        3.552614E-07	        1.139000E-08	        2.315888E-01	        1.279570E-01	        1.494486E-05	        7.384918E-06	        6.275798E-06	        6.075712E-05	        8.084072E-04	        9.393506E-05	        5.876420E-05	        6.684078E-05	        1.442683E-04	        2.052069E-02	        4.289482E-06	        2.237834E-06	        3.349371E-06	        1.104940E-07	        1.048523E-03	        1.416593E-10	        3.907474E-06	        1.167481E-04	        2.371498E-07	        1.492248E-04	        7.929868E-09	        6.372954E-09	        1.860852E-05	        1.269579E-13	        3.603862E-12	        2.378788E-07	        2.428419E-11	        3.543730E-08	        1.178235E-03	        4.910012E-05	        2.017558E-05	        2.321713E-09	        8.891934E-08	        2.796660E-07	        1.809825E-07	        3.089095E-05	        4.971240E-07	        6.478019E-04	        9.747068E-06	        9.804106E-04	        1.432467E-06	        5.067911E-09	        2.862796E-14	        4.163125E-06	        4.313816E-05	        8.967677E-05	        1.381880E-08	        1.002526E-10	        1.113528E-07	        5.632807E-11	        0.000000E+00	        0.000000E+00	        0.000000E+00	        0.000000E+00	        0.000000E+00	        0.000000E+00	        0.000000E+00	       -1.055460E+00	       -2.822625E-01	       -7.931128E-02	       -1.008801E+00	        5.532232E+00	       -1.585236E+00	        0.000000E+00	       -1.699974E-04	       -6.955705E-06	        6.316500E+00	       -1.545543E+00	       -3.056929E-03	       -1.382627E-02	       -6.696527E-03	       -2.577816E-03	        1.224666E-01	        1.519358E-03	       -1.935379E-03	        1.212197E-02	        4.760197E-03	       -1.955427E+00	       -1.005050E-03	       -9.339083E-06	       -1.717997E-04	       -1.135848E-05	       -4.176066E-01	       -1.071410E-08	        3.286449E-04	       -1.068511E-02	        1.009234E-05	        1.284118E-02	       -1.692276E-06	       -2.492986E-07	        4.148921E-03	       -3.539363E-10	       -1.293683E-09	       -2.288733E-04	       -2.288625E-08	       -2.542399E-05	       -1.852797E-01	       -2.848747E-02	       -1.159812E-02	       -5.518886E-07	       -3.706011E-05	       -7.001118E-05	       -4.723519E-05	       -1.073835E-03	       -4.103143E-04	        7.633967E-02	        2.210127E-05	       -6.685707E-03	       -5.661460E-05	       -1.226387E-06	       -4.642031E-10	        4.256718E-04	       -3.785460E-03	       -1.244378E-02	       -2.391507E-05	       -5.526926E-08	       -3.959389E-05	        1.343624E-12	        2.482240E+03	       -3.641130E+05	        1.182120E-01	        4.839621E+08	        2.325799E-01	        1.036958E-03	        3.018615E+02	        2.202661E+02
        2.816076E-03	        4.515976E-01	        0.000000E+00	        4.961053E-19	        3.365961E-38	        0.000000E+00	        0.000000E+00	        0.000000E+00	        2.308933E-04	        6.116884E-04	        3.116762E-05	        1.646079E-03	        8.888008E-03	        1.531313E-01	        0.000000E+00	        3.875435E-07	        1.250793E-08	        2.309499E-01	        1.285957E-01	        1.578704E-05	        8.285512E-06	        6.880885E-06	        6.337940E-05	        7.848294E-04	        9.561628E-05	        6.132051E-05	        6.716713E-05	        1.381899E-04	        1.900559E-02	        4.515780E-06	        2.168853E-06	        3.476950E-06	        1.157209E-07	        9.619284E-04	        1.453843E-10	        3.807221E-06	        1.084188E-04	        2.233338E-07	        1.436049E-04	        8.368040E-09	        6.068377E-09	        1.784256E-05	        1.244859E-13	        3.210472E-12	        2.058456E-07	        2.038868E-11	        3.052712E-08	        1.067517E-03	        4.264811E-05	        1.755325E-05	        2.108835E-09	        7.870751E-08	        2.518722E-07	        1.630053E-07	        3.246401E-05	        4.132697E-07	        6.140347E-04	        9.577869E-06	        9.148972E-04	        1.338821E-06	        4.609700E-09	        2.731691E-14	        4.202639E-06	        3.879935E-05	        7.978011E-05	        1.077484E-08	        8.743444E-11	        9.670881E-08	        5.554204E-11	        0.000000E+00	        0.000000E+00	        0.000000E+00	        0.000000E+00	        0.000000E+00	        0.000000E+00	        0.000000E+00	       -1.154331E+00	       -3.201115E-01	       -9.599455E-02	       -1.126475E+00	        5.689690E+00	       -1.552553E+00	        0.000000E+00	       -1.865480E-04	       -8.152639E-06	        6.702739E+00	       -1.651448E+00	       -3.124049E-03	       -1.483084E-02	       -6.897845E-03	        9.047007E-04	        1.330014E-01	        3.051258E-03	       -1.063912E-03	        1.335146E-02	        4.833231E-03	       -2.082939E+00	       -8.482076E-04	        1.513846E-05	       -1.246481E-04	       -9.874018E-06	       -3.959941E-01	       -1.040060E-08	        3.887458E-04	       -9.710847E-03	        1.106090E-05	        1.266239E-02	       -1.788120E-06	       -1.596141E-07	        3.992973E-03	       -3.278152E-10	       -1.156430E-09	       -1.998651E-04	       -1.968826E-08	       -2.215767E-05	       -1.937721E-01	       -2.616976E-02	       -1.063647E-02	       -5.050168E-07	       -3.697434E-05	       -6.452183E-05	       -4.295796E-05	       -3.715461E-04	       -3.630839E-04	        6.694444E-02	       -1.111031E-05	       -1.226873E-02	       -5.848077E-05	       -1.107248E-06	       -4.809505E-10	        4.772384E-04	       -3.924140E-03	       -1.273155E-02	       -1.906679E-05	       -5.124327E-08	       -3.801064E-05	        1.136428E-12	        2.493431E+03	       -3.687120E+05	        1.178357E-01	        5.659319E+08	        2.293340E-01	        1.044437E-03	        2.968224E+02	        2.176364E+02
        2.824636E-03	        4.534770E-01	        0.000000E+00	        4.892798E-19	        3.432996E-38	        0.000000E+00	        0.000000E+00	        0.000000E+00	        2.415297E-04	        6.647713E-04	        3.655810E-05	        1.768681E-03	        8.768822E-03	        1.530543E-01	        0.000000E+00	        4.230599E-07	        1.377543E-08	        2.302084E-01	        1.292695E-01	        1.667208E-05	        9.280036E-06	        7.531248E-06	        6.596318E-05	        7.603573E-04	        9.722392E-05	        6.387190E-05	        6.728709E-05	        1.320646E-04	        1.754042E-02	        4.746073E-06	        2.100416E-06	        3.605249E-06	        1.210620E-07	        8.800987E-04	        1.493543E-10	        3.701789E-06	        1.003489E-04	        2.094887E-07	        1.377392E-04	        8.845514E-09	        5.778988E-09	        1.702448E-05	        1.218290E-13	        2.850770E-12	        1.777275E-07	        1.705033E-11	        2.622376E-08	        9.625663E-04	        3.688922E-05	        1.521262E-05	        1.910623E-09	        6.933516E-08	        2.265398E-07	        1.462798E-07	        3.402711E-05	        3.416409E-07	        5.791728E-04	        9.411037E-06	        8.505252E-04	        1.248025E-06	        4.183630E-09	        2.609681E-14	        4.227752E-06	        3.473845E-05	        7.055563E-05	        8.374886E-09	        7.592814E-11	        8.342508E-08	        5.476531E-11	        0.000000E+00	        0.000000E+00	        0.000000E+00	        0.000000E+00	        0.000000E+00	        0.000000E+00	        0.000000E+00	       -1.259620E+00	       -3.636805E-01	       -1.162131E-01	       -1.257321E+00	        5.854761E+00	       -1.506069E+00	        0.000000E+00	       -2.040584E-04	       -9.574873E-06	        7.110600E+00	       -1.761340E+00	       -3.118756E-03	       -1.563279E-02	       -6.949043E-03	        5.248355E-03	        1.445857E-01	        4.948760E-03	        2.173880E-05	        1.463171E-02	        4.892626E-03	       -2.219108E+00	       -6.256478E-04	        4.182816E-05	       -5.999183E-05	       -7.684018E-06	       -3.772159E-01	       -9.917748E-09	        4.553497E-04	       -8.909112E-03	        1.182150E-05	        1.235363E-02	       -1.855414E-06	       -6.093460E-08	        3.785417E-03	       -2.933223E-10	       -1.037897E-09	       -1.750052E-04	       -1.701419E-08	       -1.938676E-05	       -2.011556E-01	       -2.403672E-02	       -9.751913E-03	       -4.605271E-07	       -3.681408E-05	       -5.949415E-05	       -3.927414E-05	        4.989363E-04	       -3.209294E-04	        5.672002E-02	       -3.881918E-05	       -1.815778E-02	       -6.037791E-05	       -9.961725E-07	       -4.979519E-10	        5.305577E-04	       -4.022771E-03	       -1.294520E-02	       -1.523966E-05	       -4.767327E-08	       -3.648603E-05	        9.458149E-13	        2.504363E+03	       -3.732593E+05	        1.174801E-01	        6.563917E+08	        2.261267E-01	        1.051637E-03	        2.918086E+02	        2.150505E+02
        2.833195E-03	        4.553341E-01	        0.000000E+00	        4.824929E-19	        3.499444E-38	        0.000000E+00	        0.000000E+00	        0.000000E+00	        2.527840E-04	        7.240377E-04	        4.297294E-05	        1.902346E-03	        8.644138E-03	        1.529941E-01	        0.000000E+00	        4.620990E-07	        1.521849E-08	        2.293590E-01	        1.299807E-01	        1.759922E-05	        1.037267E-05	        8.226552E-06	        6.847344E-05	        7.349027E-04	        9.872581E-05	        6.639238E-05	        6.718500E-05	        1.258916E-04	        1.612645E-02	        4.978457E-06	        2.032013E-06	        3.733084E-06	        1.264756E-07	        8.027817E-04	        1.535524E-10	        3.590200E-06	        9.252117E-05	        1.956026E-07	        1.316392E-04	        9.363287E-09	        5.502270E-09	        1.615826E-05	        1.189459E-13	        2.521256E-12	        1.530250E-07	        1.419127E-11	        2.244936E-08	        8.634589E-04	        3.176245E-05	        1.312847E-05	        1.725777E-09	        6.076131E-08	        2.034636E-07	        1.306976E-07	        3.556003E-05	        2.807083E-07	        5.434604E-04	        9.247401E-06	        7.874485E-04	        1.160088E-06	        3.786524E-09	        2.495820E-14	        4.237150E-06	        3.095672E-05	        6.200192E-05	        6.487349E-09	        6.560856E-11	        7.143276E-08	        5.399775E-11	        0.000000E+00	        0.000000E+00	        0.000000E+00	        0.000000E+00	        0.000000E+00	        0.000000E+00	        0.000000E+00	       -1.370329E+00	       -4.138907E-01	       -1.405326E-01	       -1.402102E+00	        6.026102E+00	       -1.443568E+00	        0.000000E+00	       -2.223698E-04	       -1.126536E-05	        7.540283E+00	       -1.874868E+00	       -3.010515E-03	       -1.610006E-02	       -6.773331E-03	        1.050843E-02	        1.567899E-01	        7.256289E-03	        1.323683E-03	        1.583852E-02	        4.925507E-03	       -2.363867E+00	       -3.379384E-04	        7.046847E-05	        2.327733E-05	       -4.811250E-06	       -3.614269E-01	       -9.520819E-09	        5.230339E-04	       -8.339063E-03	        1.244233E-05	        1.189237E-02	       -1.961135E-06	        1.031497E-08	        3.529774E-03	       -2.507505E-10	       -9.279407E-10	       -1.538197E-04	       -1.480774E-08	       -1.705548E-05	       -2.074942E-01	       -2.207824E-02	       -8.940578E-03	       -4.181177E-07	       -3.695480E-05	       -5.584541E-05	       -3.620224E-05	        1.557838E-03	       -2.908154E-04	        4.572366E-02	       -7.144156E-05	       -2.435147E-02	       -6.328747E-05	       -8.948313E-07	       -5.153813E-10	        5.809206E-04	       -4.081899E-03	       -1.308112E-02	       -1.240941E-05	       -4.501739E-08	       -3.499683E-05	        7.705774E-13	        2.515009E+03	       -3.777562E+05	        1.171462E-01	        7.559431E+08	        2.229575E-01	        1.058535E-03	        2.873276E+02	        2.126965E+02
        2.837475E-03	        4.562557E-01	        0.000000E+00	        4.791082E-19	        3.532525E-38	        0.000000E+00	        0.000000E+00	        0.000000E+00	        2.586724E-04	        7.563574E-04	        4.665006E-05	        1.973913E-03	        8.579595E-03	        1.529699E-01	        0.000000E+00	        4.830843E-07	        1.601872E-08	        2.288911E-01	        1.303518E-01	        1.807834E-05	        1.095734E-05	        8.590834E-06	        6.968681E-05	        7.217532E-04	        9.942336E-05	        6.763114E-05	        6.704487E-05	        1.227828E-04	        1.543830E-02	        5.094692E-06	        1.997576E-06	        3.796349E-06	        1.291935E-07	        7.656878E-04	        1.557349E-10	        3.531643E-06	        8.868818E-05	        1.886310E-07	        1.285023E-04	        9.638432E-09	        5.367849E-09	        1.570818E-05	        1.174038E-13	        2.366434E-12	        1.417832E-07	        1.291609E-11	        2.073414E-08	        8.160583E-04	        2.941271E-05	        1.217293E-05	        1.637802E-09	        5.675832E-08	        1.927008E-07	        1.232919E-07	        3.630705E-05	        2.538027E-07	        5.253564E-04	        9.167038E-06	        7.564152E-04	        1.117152E-06	        3.597524E-09	        2.441840E-14	        4.235482E-06	        2.916805E-05	        5.797012E-05	        5.698567E-09	        6.085332E-11	        6.588985E-08	        5.361684E-11	        0.000000E+00	        0.000000E+00	        0.000000E+00	        0.000000E+00	        0.000000E+00	        0.000000E+00	        0.000000E+00	       -1.422450E+00	       -4.418801E-01	       -1.562360E-01	       -1.483581E+00	        6.109344E+00	       -1.401416E+00	        0.000000E+00	       -2.317594E-04	       -1.227636E-05	        7.763558E+00	       -1.932501E+00	       -2.877927E-03	       -1.616048E-02	       -6.560344E-03	        1.401408E-02	        1.629304E-01	        8.605453E-03	        2.343843E-03	        1.676035E-02	        4.968676E-03	       -2.440665E+00	       -1.114147E-04	        8.625946E-05	        8.735136E-05	       -2.419152E-06	       -3.548157E-01	       -8.100460E-09	        5.732400E-04	       -8.180296E-03	        1.191202E-05	        1.162266E-02	       -1.813734E-06	        1.144017E-07	        3.338589E-03	       -2.260232E-10	       -8.908979E-10	       -1.438228E-04	       -1.369117E-08	       -1.592472E-05	       -2.104123E-01	       -2.110452E-02	       -8.535418E-03	       -4.006789E-07	       -3.632150E-05	       -5.188901E-05	       -3.491772E-05	        2.166722E-03	       -2.651918E-04	        3.991651E-02	       -2.197114E-05	       -2.760106E-02	       -6.144647E-05	       -8.515818E-07	       -5.236612E-10	        6.174151E-04	       -4.096968E-03	       -1.311920E-02	       -1.079282E-05	       -4.291258E-08	       -3.425316E-05	        6.883133E-13	        2.520212E+03	       -3.800019E+05	        1.169880E-01	        8.098368E+08	        2.213848E-01	        1.061860E-03	        2.850831E+02	        2.115322E+02
        2.841755E-03	        4.571718E-01	        0.000000E+00	        4.757330E-19	        3.565457E-38	        0.000000E+00	        0.000000E+00	        0.000000E+00	        2.647362E-04	        7.905570E-04	        5.067151E-05	        2.048751E-03	        8.513630E-03	        1.529496E-01	        0.000000E+00	        5.050662E-07	        1.687536E-08	        2.283941E-01	        1.307331E-01	        1.856674E-05	        1.156698E-05	        8.965382E-06	        7.086425E-05	        7.083229E-04	        1.000790E-04	        6.884842E-05	        6.684252E-05	        1.196619E-04	        1.476354E-02	        5.210382E-06	        1.962940E-06	        3.858832E-06	        1.319053E-07	        7.296476E-04	        1.579609E-10	        3.471112E-06	        8.491155E-05	        1.816493E-07	        1.253125E-04	        9.923144E-09	        5.235529E-09	        1.524802E-05	        1.157878E-13	        2.218097E-12	        1.312419E-07	        1.173701E-11	        1.912733E-08	        7.701424E-04	        2.720077E-05	        1.127316E-05	        1.552747E-09	        5.293974E-08	        1.824283E-07	        1.161405E-07	        3.703695E-05	        2.290764E-07	        5.071370E-04	        9.087318E-06	        7.257683E-04	        1.074924E-06	        3.414759E-09	        2.389433E-14	        4.229339E-06	        2.744886E-05	        5.410459E-05	        5.000242E-09	        5.635465E-11	        6.064617E-08	        5.323818E-11	        0.000000E+00	        0.000000E+00	        0.000000E+00	        0.000000E+00	        0.000000E+00	        0.000000E+00	        0.000000E+00	       -1.474635E+00	       -4.719417E-01	       -1.735598E-01	       -1.569036E+00	        6.192664E+00	       -1.353766E+00	        0.000000E+00	       -2.412482E-04	       -1.338367E-05	        7.992048E+00	       -1.990754E+00	       -2.701330E-03	       -1.607357E-02	       -6.254864E-03	        1.783159E-02	        1.689621E-01	        1.006887E-02	        3.463944E-03	        1.771419E-02	        4.999385E-03	       -2.519692E+00	        1.477754E-04	        1.022639E-04	        1.592334E-04	        3.205060E-07	       -3.489832E-01	       -6.528077E-09	        6.243013E-04	       -8.106636E-03	        1.113663E-05	        1.131062E-02	       -1.628150E-06	        2.101934E-07	        3.132617E-03	       -1.994893E-10	       -8.586164E-10	       -1.345881E-04	       -1.266624E-08	       -1.488304E-05	       -2.130945E-01	       -2.016894E-02	       -8.146618E-03	       -3.846358E-07	       -3.578188E-05	       -4.819241E-05	       -3.380852E-05	        2.827368E-03	       -2.423164E-04	        3.394506E-02	        3.314574E-05	       -3.092940E-02	       -5.986319E-05	       -8.120143E-07	       -5.318532E-10	        6.546579E-04	       -4.102525E-03	       -1.313646E-02	       -9.364874E-06	       -4.106012E-08	       -3.350777E-05	        6.095527E-13	        2.525332E+03	       -3.822347E+05	        1.168357E-01	        8.662411E+08	        2.198214E-01	        1.065100E-03	        2.823382E+02	        2.101909E+02
        2.850314E-03	        4.589854E-01	        0.000000E+00	        4.690212E-19	        3.630770E-38	        0.000000E+00	        0.000000E+00	        0.000000E+00	        2.773905E-04	        8.648599E-04	        5.984572E-05	        2.208565E-03	        8.377584E-03	        1.529201E-01	        0.000000E+00	        5.520637E-07	        1.877004E-08	        2.273124E-01	        1.315263E-01	        1.956755E-05	        1.285820E-05	        9.742188E-06	        7.308613E-05	        6.806247E-04	        1.012452E-04	        7.119604E-05	        6.624344E-05	        1.133917E-04	        1.345638E-02	        5.438251E-06	        1.892946E-06	        3.980345E-06	        1.372666E-07	        6.607440E-04	        1.625037E-10	        3.343750E-06	        7.753435E-05	        1.676840E-07	        1.187899E-04	        1.051665E-08	        4.975767E-09	        1.430134E-05	        1.123148E-13	        1.940435E-12	        1.121420E-07	        9.647040E-12	        1.622011E-08	        6.828779E-04	        2.317482E-05	        9.634457E-06	        1.391226E-09	        4.584043E-08	        1.632724E-07	        1.025897E-07	        3.843254E-05	        1.856101E-07	        4.705034E-04	        8.928683E-06	        6.657723E-04	        9.926433E-07	        3.067480E-09	        2.288106E-14	        4.203000E-06	        2.422115E-05	        4.687709E-05	        3.839747E-09	        4.808935E-11	        5.104229E-08	        5.248853E-11	        0.000000E+00	        0.000000E+00	        0.000000E+00	        0.000000E+00	        0.000000E+00	        0.000000E+00	        0.000000E+00	       -1.587218E+00	       -5.387357E-01	       -2.100126E-01	       -1.744899E+00	        6.365642E+00	       -1.248276E+00	        0.000000E+00	       -2.604332E-04	       -1.579400E-05	        8.463096E+00	       -2.109273E+00	       -2.266769E-03	       -1.536025E-02	       -5.407126E-03	        2.544750E-02	        1.803494E-01	        1.328222E-02	        5.472038E-03	        1.905810E-02	        4.938515E-03	       -2.681844E+00	        6.458770E-04	        1.329265E-04	        2.984431E-04	        5.492457E-06	       -3.394019E-01	       -5.197983E-09	        6.964842E-04	       -8.201620E-03	        1.015311E-05	        1.051209E-02	       -1.551354E-06	        2.985074E-07	        2.742731E-03	       -1.427560E-10	       -7.848984E-10	       -1.192612E-04	       -1.111195E-08	       -1.322750E-05	       -2.175524E-01	       -1.850811E-02	       -7.460641E-03	       -3.527672E-07	       -3.582007E-05	       -4.520583E-05	       -3.210012E-05	        4.298094E-03	       -2.197707E-04	        2.165181E-02	        3.407105E-05	       -3.773921E-02	       -6.287039E-05	       -7.397205E-07	       -5.485375E-10	        7.077089E-04	       -4.085922E-03	       -1.310774E-02	       -7.628323E-06	       -3.914974E-08	       -3.202413E-05	        4.623635E-13	        2.535307E+03	       -3.866329E+05	        1.165489E-01	        9.857326E+08	        2.167264E-01	        1.071314E-03	        2.768966E+02	        2.075510E+02
        2.858874E-03	        4.607780E-01	        0.000000E+00	        4.623462E-19	        3.695572E-38	        0.000000E+00	        0.000000E+00	        0.000000E+00	        2.908251E-04	        9.482854E-04	        7.085953E-05	        2.383709E-03	        8.235685E-03	        1.529039E-01	        0.000000E+00	        6.034959E-07	        2.095376E-08	        2.261060E-01	        1.323640E-01	        2.059435E-05	        1.424125E-05	        1.055036E-05	        7.507553E-05	        6.516779E-04	        1.021671E-04	        7.338603E-05	        6.536860E-05	        1.070742E-04	        1.220488E-02	        5.657861E-06	        1.821307E-06	        4.095041E-06	        1.424629E-07	        5.957966E-04	        1.671381E-10	        3.206757E-06	        7.037643E-05	        1.537082E-07	        1.120872E-04	        1.114080E-08	        4.720120E-09	        1.332427E-05	        1.084756E-13	        1.685409E-12	        9.534321E-08	        7.865575E-12	        1.366946E-08	        6.015513E-04	        1.962537E-05	        8.188003E-06	        1.239934E-09	        3.941870E-08	        1.458072E-07	        8.996104E-08	        3.971230E-05	        1.491953E-07	        4.338186E-04	        8.770775E-06	        6.075690E-04	        9.131557E-07	        2.741811E-09	        2.190792E-14	        4.156652E-06	        2.126322E-05	        4.029624E-05	        2.932547E-09	        4.071768E-11	        4.253507E-08	        5.174757E-11	        0.000000E+00	        0.000000E+00	        0.000000E+00	        0.000000E+00	        0.000000E+00	        0.000000E+00	        0.000000E+00	       -1.694700E+00	       -6.157366E-01	       -2.548635E-01	       -1.936580E+00	        6.531390E+00	       -1.115270E+00	        0.000000E+00	       -2.793612E-04	       -1.868590E-05	        8.951558E+00	       -2.228525E+00	       -1.595833E-03	       -1.373219E-02	       -4.081809E-03	        3.437873E-02	        1.899372E-01	        1.694960E-02	        7.952398E-03	        2.049582E-02	        4.796259E-03	       -2.851949E+00	        1.289455E-03	        1.631473E-04	        4.737180E-04	        1.226884E-05	       -3.328509E-01	       -2.824821E-09	        7.676969E-04	       -8.718477E-03	        7.733327E-06	        9.518451E-03	       -1.241247E-06	        4.262786E-07	        2.263713E-03	       -8.210302E-11	       -7.361714E-10	       -1.062046E-04	       -9.763058E-09	       -1.182206E-05	       -2.211139E-01	       -1.696921E-02	       -6.826547E-03	       -3.285397E-07	       -3.542297E-05	       -4.144642E-05	       -3.109675E-05	        5.974026E-03	       -1.931651E-04	        8.870819E-03	        7.280355E-05	       -4.483608E-02	       -6.503754E-05	       -6.854345E-07	       -5.635305E-10	        7.622283E-04	       -4.033762E-03	       -1.298988E-02	       -6.088969E-06	       -3.707723E-08	       -3.050288E-05	        3.283245E-13	        2.544894E+03	       -3.909841E+05	        1.162876E-01	        1.115761E+09	        2.136674E-01	        1.077142E-03	        2.719879E+02	        2.051459E+02
        2.867433E-03	        4.625498E-01	        0.000000E+00	        4.557072E-19	        3.759877E-38	        0.000000E+00	        0.000000E+00	        0.000000E+00	        3.050918E-04	        1.042127E-03	        8.410090E-05	        2.575850E-03	        8.087818E-03	        1.528995E-01	        0.000000E+00	        6.596615E-07	        2.347919E-08	        2.247686E-01	        1.332488E-01	        2.163557E-05	        1.570355E-05	        1.137950E-05	        7.676360E-05	        6.214160E-04	        1.027849E-04	        7.536197E-05	        6.420124E-05	        1.007133E-04	        1.101072E-02	        5.864117E-06	        1.747484E-06	        4.199883E-06	        1.473752E-07	        5.346831E-04	        1.717987E-10	        3.059156E-06	        6.344257E-05	        1.397623E-07	        1.052310E-04	        1.178731E-08	        4.465770E-09	        1.232443E-05	        1.042238E-13	        1.451480E-12	        8.058380E-08	        6.353579E-12	        1.143580E-08	        5.261514E-04	        1.650962E-05	        6.916218E-06	        1.098139E-09	        3.363753E-08	        1.298838E-07	        7.821651E-08	        4.083926E-05	        1.188810E-07	        3.973623E-04	        8.612344E-06	        5.513340E-04	        8.364801E-07	        2.436133E-09	        2.095740E-14	        4.089039E-06	        1.856798E-05	        3.434714E-05	        2.226618E-09	        3.416812E-11	        3.506130E-08	        5.101514E-11	        0.000000E+00	        0.000000E+00	        0.000000E+00	        0.000000E+00	        0.000000E+00	        0.000000E+00	        0.000000E+00	       -1.794086E+00	       -7.044143E-01	       -3.085999E-01	       -2.142127E+00	        6.684393E+00	       -9.519903E-01	        0.000000E+00	       -2.974015E-04	       -2.209810E-05	        9.453334E+00	       -2.346975E+00	       -6.510180E-04	       -1.093353E-02	       -2.198097E-03	        4.431088E-02	        1.967025E-01	        2.104551E-02	        1.077036E-02	        2.172735E-02	        4.533949E-03	       -3.028089E+00	        2.024134E-03	        1.918084E-04	        6.775186E-04	        2.008513E-05	       -3.291514E-01	       -2.711008E-10	        8.209401E-04	       -9.686441E-03	        4.400228E-06	        8.296907E-03	       -9.238434E-07	        5.399724E-07	        1.716894E-03	       -2.200334E-11	       -6.957756E-10	       -9.518947E-05	       -8.635091E-09	       -1.065284E-05	       -2.237163E-01	       -1.554767E-02	       -6.243081E-03	       -3.103993E-07	       -3.527087E-05	       -3.869737E-05	       -3.072628E-05	        7.842975E-03	       -1.740706E-04	       -4.246654E-03	        1.108625E-04	       -5.216130E-02	       -6.830517E-05	       -6.483633E-07	       -5.763429E-10	        8.074608E-04	       -3.948031E-03	       -1.277778E-02	       -4.946608E-06	       -3.560841E-08	       -2.891333E-05	        2.071857E-13	        2.554052E+03	       -3.952896E+05	        1.160535E-01	        1.256211E+09	        2.106436E-01	        1.082552E-03	        2.675315E+02	        2.029493E+02
        2.871713E-03	        4.634292E-01	        0.000000E+00	        4.523962E-19	        3.791916E-38	        0.000000E+00	        0.000000E+00	        0.000000E+00	        3.125647E-04	        1.093588E-03	        9.174309E-05	        2.679108E-03	        8.011509E-03	        1.529010E-01	        0.000000E+00	        6.896659E-07	        2.489547E-08	        2.240475E-01	        1.337102E-01	        2.215623E-05	        1.645775E-05	        1.179705E-05	        7.746667E-05	        6.057557E-04	        1.029546E-04	        7.624668E-05	        6.350162E-05	        9.751508E-05	        1.043516E-02	        5.960180E-06	        1.709516E-06	        4.247342E-06	        1.496765E-07	        5.054975E-04	        1.741158E-10	        2.981014E-06	        6.006026E-05	        1.328128E-07	        1.017526E-04	        1.211626E-08	        4.338044E-09	        1.181852E-05	        1.019283E-13	        1.341825E-12	        7.387971E-08	        5.685818E-12	        1.042451E-08	        4.906250E-04	        1.509835E-05	        6.339268E-06	        1.030517E-09	        3.097415E-08	        1.224505E-07	        7.266156E-08	        4.133053E-05	        1.057371E-07	        3.793039E-04	        8.532381E-06	        5.239907E-04	        7.991733E-07	        2.290189E-09	        2.048772E-14	        4.046817E-06	        1.731431E-05	        3.159986E-05	        1.934446E-09	        3.117888E-11	        3.168488E-08	        5.065164E-11	        0.000000E+00	        0.000000E+00	        0.000000E+00	        0.000000E+00	        0.000000E+00	        0.000000E+00	        0.000000E+00	       -1.831381E+00	       -7.537273E-01	       -3.426823E-01	       -2.253435E+00	        6.746716E+00	       -8.521106E-01	        0.000000E+00	       -3.054325E-04	       -2.420346E-05	        9.707652E+00	       -2.404703E+00	        2.520218E-05	       -9.000434E-03	       -8.582145E-04	        5.026854E-02	        1.984654E-01	        2.326010E-02	        1.274142E-02	        2.260114E-02	        4.380709E-03	       -3.119358E+00	        2.544802E-03	        2.054494E-04	        8.147925E-04	        2.576115E-05	       -3.284098E-01	        2.995462E-09	        8.555050E-04	       -1.038297E-02	        1.283573E-06	        7.617508E-03	       -3.353532E-07	        6.289343E-07	        1.377251E-03	        6.611727E-12	       -6.913566E-10	       -8.996572E-05	       -8.044698E-09	       -1.007316E-05	       -2.247419E-01	       -1.483215E-02	       -5.950172E-03	       -3.060890E-07	       -3.470473E-05	       -3.588254E-05	       -3.079448E-05	        8.838623E-03	       -1.580229E-04	       -1.093075E-02	        2.209383E-04	       -5.593946E-02	       -6.815377E-05	       -6.389976E-07	       -5.806504E-10	        8.370957E-04	       -3.893094E-03	       -1.263233E-02	       -4.278897E-06	       -3.443948E-08	       -2.806277E-05	        1.513786E-13	        2.558454E+03	       -3.974379E+05	        1.159474E-01	        1.330906E+09	        2.091429E-01	        1.085087E-03	        2.652987E+02	        2.018644E+02
        2.875993E-03	        4.643035E-01	        0.000000E+00	        4.490940E-19	        3.823825E-38	        0.000000E+00	        0.000000E+00	        0.000000E+00	        3.202619E-04	        1.148242E-03	        1.001344E-04	        2.787315E-03	        7.933671E-03	        1.529048E-01	        0.000000E+00	        7.209568E-07	        2.642265E-08	        2.232912E-01	        1.341844E-01	        2.267366E-05	        1.722323E-05	        1.221372E-05	        7.806372E-05	        5.897538E-04	        1.030225E-04	        7.705057E-05	        6.272264E-05	        9.430862E-05	        9.874656E-03	        6.050428E-06	        1.670816E-06	        4.290859E-06	        1.518479E-07	        4.772418E-04	        1.764000E-10	        2.899926E-06	        5.673959E-05	        1.258976E-07	        9.824790E-05	        1.244503E-08	        4.209570E-09	        1.131034E-05	        9.951547E-14	        1.237076E-12	        6.760576E-08	        5.073264E-12	        9.480401E-09	        4.565727E-04	        1.378118E-05	        5.800126E-06	        9.650930E-10	        2.845763E-08	        1.153501E-07	        6.732169E-08	        4.176782E-05	        9.381137E-08	        3.614095E-04	        8.451124E-06	        4.972098E-04	        7.625787E-07	        2.148874E-09	        2.001635E-14	        3.998844E-06	        1.612310E-05	        2.900375E-05	        1.677531E-09	        2.837254E-11	        2.854339E-08	        5.029022E-11	        0.000000E+00	        0.000000E+00	        0.000000E+00	        0.000000E+00	        0.000000E+00	        0.000000E+00	        0.000000E+00	       -1.863615E+00	       -8.065584E-01	       -3.799410E-01	       -2.367283E+00	        6.801618E+00	       -7.427280E-01	        0.000000E+00	       -3.128727E-04	       -2.650499E-05	        9.962755E+00	       -2.461305E+00	        7.984167E-04	       -6.692030E-03	        6.784991E-04	        5.640594E-02	        1.990000E-01	        2.554365E-02	        1.482194E-02	        2.342752E-02	        4.181908E-03	       -3.211368E+00	        3.106431E-03	        2.179045E-04	        9.612288E-04	        3.189273E-05	       -3.282594E-01	        6.558198E-09	        8.831664E-04	       -1.119958E-02	       -2.247449E-06	        6.877365E-03	        3.392624E-07	        7.054983E-07	        1.022627E-03	        3.322427E-11	       -6.904626E-10	       -8.514979E-05	       -7.496132E-09	       -9.539413E-06	       -2.254989E-01	       -1.414098E-02	       -5.668325E-03	       -3.038807E-07	       -3.421252E-05	       -3.335234E-05	       -3.099780E-05	        9.864376E-03	       -1.437067E-04	       -1.762829E-02	        3.368963E-04	       -5.974971E-02	       -6.849128E-05	       -6.342407E-07	       -5.835717E-10	        8.640633E-04	       -3.830651E-03	       -1.246185E-02	       -3.693715E-06	       -3.342288E-08	       -2.718394E-05	        9.877277E-14	        2.562733E+03	       -3.995745E+05	        1.158487E-01	        1.408034E+09	        2.076509E-01	        1.087504E-03	        2.626484E+02	        2.006302E+02
        2.884552E-03	        4.660352E-01	        0.000000E+00	        4.425249E-19	        3.887156E-38	        0.000000E+00	        0.000000E+00	        0.000000E+00	        3.363179E-04	        1.267628E-03	        1.193778E-04	        3.019003E-03	        7.773588E-03	        1.529180E-01	        0.000000E+00	        7.873902E-07	        2.983635E-08	        2.216728E-01	        1.351702E-01	        2.368808E-05	        1.877398E-05	        1.303481E-05	        7.890473E-05	        5.567695E-04	        1.028261E-04	        7.837987E-05	        6.092216E-05	        8.788220E-05	        8.800647E-03	        6.210062E-06	        1.591162E-06	        4.364139E-06	        1.557180E-07	        4.235532E-04	        1.807937E-10	        2.728872E-06	        5.029857E-05	        1.122294E-07	        9.118193E-05	        1.308865E-08	        3.949479E-09	        1.029240E-05	        9.432904E-14	        1.042361E-12	        5.628578E-08	        4.002881E-12	        7.783961E-09	        3.929321E-04	        1.141705E-05	        4.830360E-06	        8.408792E-10	        2.385041E-08	        1.020921E-07	        5.729577E-08	        4.246352E-05	        7.326557E-08	        3.262580E-04	        8.282247E-06	        4.454598E-04	        6.915931E-07	        1.880221E-09	        1.905308E-14	        3.885382E-06	        1.392605E-05	        2.426052E-05	        1.255178E-09	        2.328615E-11	        2.294442E-08	        4.957441E-11	        0.000000E+00	        0.000000E+00	        0.000000E+00	        0.000000E+00	        0.000000E+00	        0.000000E+00	        0.000000E+00	       -1.924749E+00	       -9.233313E-01	       -4.574513E-01	       -2.592686E+00	        6.897012E+00	       -5.047899E-01	        0.000000E+00	       -3.266605E-04	       -3.131950E-05	        1.047012E+01	       -2.570743E+00	        2.447517E-03	       -9.345852E-04	        3.946842E-03	        6.772050E-02	        1.961389E-01	        3.017393E-02	        1.841954E-02	        2.433781E-02	        3.574182E-03	       -3.393031E+00	        4.089210E-03	        2.376322E-04	        1.228174E-03	        4.257557E-05	       -3.293041E-01	        1.089557E-08	        8.863527E-04	       -1.310500E-02	       -8.556539E-06	        5.184256E-03	        1.117828E-06	        8.026600E-07	        3.437527E-04	        7.744884E-11	       -6.755617E-10	       -7.726413E-05	       -6.662239E-09	       -8.714463E-06	       -2.259685E-01	       -1.290848E-02	       -5.168476E-03	       -3.013425E-07	       -3.408202E-05	       -3.129262E-05	       -3.168727E-05	        1.197050E-02	       -1.292929E-04	       -3.083366E-02	        4.217030E-04	       -6.731663E-02	       -7.352427E-05	       -6.331309E-07	       -5.849947E-10	        8.910177E-04	       -3.685258E-03	       -1.205345E-02	       -2.997635E-06	       -3.250073E-08	       -2.539225E-05	        3.204239E-15	        2.570901E+03	       -4.037908E+05	        1.156741E-01	        1.567651E+09	        2.046958E-01	        1.091973E-03	        2.573978E+02	        1.982078E+02
        2.893112E-03	        4.677474E-01	        0.000000E+00	        4.359896E-19	        3.950056E-38	        0.000000E+00	        0.000000E+00	        0.000000E+00	        3.533058E-04	        1.402600E-03	        1.425978E-04	        3.273349E-03	        7.607336E-03	        1.529363E-01	        0.000000E+00	        8.592581E-07	        3.382181E-08	        2.199046E-01	        1.362097E-01	        2.464990E-05	        2.031371E-05	        1.381681E-05	        7.919218E-05	        5.224660E-04	        1.021133E-04	        7.926082E-05	        5.878714E-05	        8.144186E-05	        7.789306E-03	        6.334638E-06	        1.508048E-06	        4.414718E-06	        1.587835E-07	        3.734937E-04	        1.848485E-10	        2.545824E-06	        4.414059E-05	        9.885649E-08	        8.407046E-05	        1.369571E-08	        3.683039E-09	        9.280807E-06	        8.864801E-14	        8.663979E-13	        4.642459E-08	        3.112928E-12	        6.316776E-09	        3.350617E-04	        9.375749E-06	        3.990108E-06	        7.251191E-10	        1.977856E-08	        8.998406E-08	        4.812844E-08	        4.287703E-05	        5.656638E-08	        2.921730E-04	        8.102079E-06	        3.962212E-04	        6.235325E-07	        1.629459E-09	        1.805406E-14	        3.747953E-06	        1.196077E-05	        2.008205E-05	        9.306630E-10	        1.885449E-11	        1.818048E-08	        4.886663E-11	        0.000000E+00	        0.000000E+00	        0.000000E+00	        0.000000E+00	        0.000000E+00	        0.000000E+00	        0.000000E+00	       -1.952457E+00	       -1.056515E+00	       -5.500950E-01	       -2.820118E+00	        6.942190E+00	       -2.230804E-01	        0.000000E+00	       -3.365717E-04	       -3.706844E-05	        1.096440E+01	       -2.670717E+00	        4.514891E-03	        6.478947E-03	        8.000953E-03	        7.906534E-02	        1.862828E-01	        3.477910E-02	        2.239591E-02	        2.494825E-02	        2.734052E-03	       -3.572007E+00	        5.212051E-03	        2.494658E-04	        1.524231E-03	        5.491875E-05	       -3.319054E-01	        1.704352E-08	        8.534089E-04	       -1.541859E-02	       -1.669825E-05	        3.250629E-03	        2.376637E-06	        8.878480E-07	       -3.977786E-04	        1.048311E-10	       -6.757719E-10	       -7.041600E-05	       -5.891865E-09	       -7.985144E-06	       -2.251647E-01	       -1.174298E-02	       -4.699962E-03	       -3.075493E-07	       -3.368053E-05	       -2.878583E-05	       -3.268013E-05	        1.406236E-02	       -1.123518E-04	       -4.372897E-02	        5.621397E-04	       -7.482735E-02	       -7.903428E-05	       -6.488167E-07	       -5.756853E-10	        9.028972E-04	       -3.514398E-03	       -1.154428E-02	       -2.368741E-06	       -3.144393E-08	       -2.347335E-05	       -7.955839E-14	        2.578503E+03	       -4.079651E+05	        1.155319E-01	        1.734723E+09	        2.017738E-01	        1.095916E-03	        2.525959E+02	        1.959968E+02
        2.901671E-03	        4.694406E-01	        0.000000E+00	        4.294873E-19	        4.012526E-38	        0.000000E+00	        0.000000E+00	        0.000000E+00	        3.712307E-04	        1.555398E-03	        1.705907E-04	        3.552285E-03	        7.434926E-03	        1.529566E-01	        0.000000E+00	        9.366827E-07	        3.848352E-08	        2.179805E-01	        1.373050E-01	        2.552564E-05	        2.179183E-05	        1.453016E-05	        7.884253E-05	        4.869420E-04	        1.008120E-04	        7.960621E-05	        5.631347E-05	        7.500732E-05	        6.842347E-03	        6.415633E-06	        1.421295E-06	        4.437655E-06	        1.608365E-07	        3.270329E-04	        1.884042E-10	        2.351442E-06	        3.829832E-05	        8.590887E-08	        7.695981E-05	        1.423564E-08	        3.408818E-09	        8.286439E-06	        8.247857E-14	        7.089380E-13	        3.788373E-08	        2.381424E-12	        5.058035E-09	        2.828598E-04	        7.626036E-06	        3.266810E-06	        6.178366E-10	        1.620963E-08	        7.892894E-08	        3.983041E-08	        4.296435E-05	        4.312880E-08	        2.594168E-04	        7.906400E-06	        3.496698E-04	        5.585124E-07	        1.396693E-09	        1.700095E-14	        3.586544E-06	        1.021434E-05	        1.643874E-05	        6.831040E-10	        1.503337E-11	        1.418158E-08	        4.816670E-11	        0.000000E+00	        0.000000E+00	        0.000000E+00	        0.000000E+00	        0.000000E+00	        0.000000E+00	        0.000000E+00	       -1.938357E+00	       -1.207561E+00	       -6.579555E-01	       -3.040656E+00	        6.922180E+00	        1.039567E-01	        0.000000E+00	       -3.414383E-04	       -4.378848E-05	        1.143092E+01	       -2.757235E+00	        6.970402E-03	        1.549857E-02	        1.271566E-02	        8.950948E-02	        1.682563E-01	        3.909521E-02	        2.645425E-02	        2.502916E-02	        1.623119E-03	       -3.742473E+00	        6.377055E-03	        2.513355E-04	        1.829708E-03	        6.792244E-05	       -3.353708E-01	        2.433453E-08	        7.712656E-04	       -1.802788E-02	       -2.597392E-05	        1.076557E-03	        3.909631E-06	        9.377907E-07	       -1.170830E-03	        1.089693E-10	       -6.795473E-10	       -6.438539E-05	       -5.184644E-09	       -7.328603E-06	       -2.228592E-01	       -1.063732E-02	       -4.259626E-03	       -3.202072E-07	       -3.329061E-05	       -2.656094E-05	       -3.373997E-05	        1.602237E-02	       -9.713859E-05	       -5.602475E-02	        7.271817E-04	       -8.209458E-02	       -8.555840E-05	       -6.769528E-07	       -5.520797E-10	        8.921630E-04	       -3.321479E-03	       -1.093644E-02	       -1.860262E-06	       -3.048132E-08	       -2.142911E-05	       -1.495145E-13	        2.585487E+03	       -4.120985E+05	        1.154243E-01	        1.906502E+09	        1.988843E-01	        1.099292E-03	        2.478205E+02	        1.938369E+02
        2.910231E-03	        4.711153E-01	        0.000000E+00	        4.230171E-19	        4.074575E-38	        0.000000E+00	        0.000000E+00	        0.000000E+00	        3.900744E-04	        1.728563E-03	        2.042817E-04	        3.857662E-03	        7.256444E-03	        1.529757E-01	        0.000000E+00	        1.019693E-06	        4.394356E-08	        2.158947E-01	        1.384574E-01	        2.627588E-05	        2.314752E-05	        1.514081E-05	        7.778047E-05	        4.503640E-04	        9.885585E-05	        7.932807E-05	        5.350461E-05	        6.860436E-05	        5.961349E-03	        6.444305E-06	        1.330907E-06	        4.427905E-06	        1.616603E-07	        2.841502E-04	        1.912724E-10	        2.147134E-06	        3.280867E-05	        7.353299E-08	        6.990125E-05	        1.467161E-08	        3.126211E-09	        7.320444E-06	        7.585357E-14	        5.698305E-13	        3.054137E-08	        1.788379E-12	        3.989067E-09	        2.361948E-04	        6.138607E-06	        2.648785E-06	        5.192082E-10	        1.311148E-08	        6.884089E-08	        3.241402E-08	        4.268500E-05	        3.243608E-08	        2.282353E-04	        7.690298E-06	        3.059725E-04	        4.966769E-07	        1.182321E-09	        1.587907E-14	        3.401763E-06	        8.672914E-06	        1.329747E-05	        4.957032E-10	        1.178040E-11	        1.087531E-08	        4.747445E-11	        0.000000E+00	        0.000000E+00	        0.000000E+00	        0.000000E+00	        0.000000E+00	        0.000000E+00	        0.000000E+00	       -1.872800E+00	       -1.377610E+00	       -7.807978E-01	       -3.242780E+00	        6.819654E+00	        4.764932E-01	        0.000000E+00	       -3.401033E-04	       -5.152952E-05	        1.185163E+01	       -2.825640E+00	        9.746686E-03	        2.585232E-02	        1.788520E-02	        9.801570E-02	        1.411209E-01	        4.278160E-02	        3.028652E-02	        2.440033E-02	        2.137840E-04	       -3.897434E+00	        7.503426E-03	        2.410943E-04	        2.123029E-03	        8.070543E-05	       -3.388856E-01	        3.250712E-08	        6.324247E-04	       -2.077303E-02	       -3.584192E-05	       -1.318650E-03	        5.628045E-06	        9.379067E-07	       -1.946249E-03	        8.484749E-11	       -6.810199E-10	       -5.894081E-05	       -4.527162E-09	       -6.716772E-06	       -2.188107E-01	       -9.583691E-03	       -3.843959E-03	       -3.370315E-07	       -3.289514E-05	       -2.468904E-05	       -3.460804E-05	        1.770147E-02	       -8.346064E-05	       -6.740514E-02	        9.014894E-04	       -8.889279E-02	       -9.308376E-05	       -7.123138E-07	       -5.100327E-10	        8.531494E-04	       -3.110253E-03	       -1.023561E-02	       -1.454420E-06	       -2.952062E-08	       -1.927566E-05	       -2.067961E-13	        2.591801E+03	       -4.161922E+05	        1.153532E-01	        2.079176E+09	        1.960264E-01	        1.102062E-03	        2.430714E+02	        1.917292E+02
        2.918790E-03	        4.727719E-01	        0.000000E+00	        4.165779E-19	        4.136210E-38	        0.000000E+00	        0.000000E+00	        0.000000E+00	        4.097899E-04	        1.924958E-03	        2.447223E-04	        4.191143E-03	        7.072059E-03	        1.529897E-01	        0.000000E+00	        1.108204E-06	        5.034249E-08	        2.136425E-01	        1.396682E-01	        2.685645E-05	        2.431170E-05	        1.561184E-05	        7.594694E-05	        4.129729E-04	        9.618987E-05	        7.834470E-05	        5.037397E-05	        6.226547E-05	        5.147653E-03	        6.412333E-06	        1.237104E-06	        4.380700E-06	        1.610447E-07	        2.448264E-04	        1.932433E-10	        1.935153E-06	        2.771028E-05	        6.188281E-08	        6.295051E-05	        1.496280E-08	        2.835687E-09	        6.393839E-06	        6.883659E-14	        4.488758E-13	        2.428798E-08	        1.315407E-12	        3.092625E-09	        1.949000E-04	        4.885887E-06	        2.125132E-06	        4.295083E-10	        1.045195E-08	        5.964740E-08	        2.588726E-08	        4.200533E-05	        2.403336E-08	        1.988507E-04	        7.448645E-06	        2.652811E-04	        4.381981E-07	        9.869122E-10	        1.467959E-14	        3.194991E-06	        7.321869E-06	        1.062187E-05	        3.551133E-10	        9.053231E-12	        8.187320E-09	        4.678967E-11	        0.000000E+00	        0.000000E+00	        0.000000E+00	        0.000000E+00	        0.000000E+00	        0.000000E+00	        0.000000E+00	       -1.746030E+00	       -1.567299E+00	       -9.173357E-01	       -3.412382E+00	        6.616202E+00	        8.923806E-01	        0.000000E+00	       -3.315654E-04	       -6.030687E-05	        1.220525E+01	       -2.870750E+00	        1.272116E-02	        3.700167E-02	        2.318564E-02	        1.034659E-01	        1.044104E-01	        4.544264E-02	        3.353054E-02	        2.290014E-02	       -1.503547E-03	       -4.028641E+00	        8.493483E-03	        2.169772E-04	        2.378405E-03	        9.221111E-05	       -3.415490E-01	        4.127991E-08	        4.348610E-04	       -2.344982E-02	       -4.563564E-05	       -3.895663E-03	        7.409609E-06	        8.747531E-07	       -2.691350E-03	        2.919572E-11	       -6.750200E-10	       -5.386391E-05	       -3.907521E-09	       -6.122877E-06	       -2.127821E-01	       -8.575289E-03	       -3.449608E-03	       -3.551398E-07	       -3.245059E-05	       -2.315804E-05	       -3.501941E-05	        1.892911E-02	       -7.114122E-05	       -7.753809E-02	        1.071546E-03	       -9.495772E-02	       -1.013162E-04	       -7.486554E-07	       -4.461033E-10	        7.813868E-04	       -2.884783E-03	       -9.451604E-03	       -1.131063E-06	       -2.844701E-08	       -1.704358E-05	       -2.517318E-13	        2.597393E+03	       -4.202474E+05	        1.153208E-01	        2.247705E+09	        1.931993E-01	        1.104186E-03	        2.383485E+02	        1.896748E+02
        2.927350E-03	        4.744109E-01	        0.000000E+00	        4.101689E-19	        4.197432E-38	        0.000000E+00	        0.000000E+00	        0.000000E+00	        4.302969E-04	        2.147779E-03	        2.930777E-04	        4.554072E-03	        6.882051E-03	        1.529944E-01	        0.000000E+00	        1.202003E-06	        5.783951E-08	        2.112199E-01	        1.409380E-01	        2.722047E-05	        2.521074E-05	        1.590581E-05	        7.330764E-05	        3.750868E-04	        9.277693E-05	        7.658897E-05	        4.694704E-05	        5.602996E-05	        4.402255E-03	        6.312581E-06	        1.140354E-06	        4.291989E-06	        1.588044E-07	        2.090363E-04	        1.940937E-10	        1.718622E-06	        2.304026E-05	        5.110876E-08	        5.616682E-05	        1.506747E-08	        2.538986E-09	        5.517040E-06	        6.152458E-14	        3.457004E-13	        1.902234E-08	        9.453923E-13	        2.352212E-09	        1.587697E-04	        3.841831E-06	        1.685629E-06	        3.490403E-10	        8.198346E-09	        5.128870E-08	        2.024768E-08	        4.090222E-05	        1.752166E-08	        1.714560E-04	        7.176519E-06	        2.277252E-04	        3.832672E-07	        8.110558E-10	        1.340176E-14	        2.968494E-06	        6.146098E-06	        8.372795E-06	        2.507488E-10	        6.807940E-12	        6.042240E-09	        4.611219E-11	        0.000000E+00	        0.000000E+00	        0.000000E+00	        0.000000E+00	        0.000000E+00	        0.000000E+00	        0.000000E+00	       -1.549442E+00	       -1.776510E+00	       -1.064710E+00	       -3.533138E+00	        6.293948E+00	        1.346337E+00	        0.000000E+00	       -3.151814E-04	       -7.007029E-05	        1.246787E+01	       -2.887091E+00	        1.570500E-02	        4.812233E-02	        2.816890E-02	        1.047616E-01	        5.834705E-02	        4.665868E-02	        3.577626E-02	        2.040135E-02	       -3.513155E-03	       -4.126837E+00	        9.234223E-03	        1.779527E-04	        2.566294E-03	        1.011977E-04	       -3.424252E-01	        5.024278E-08	        1.833400E-04	       -2.582325E-02	       -5.457065E-05	       -6.593058E-03	        9.074178E-06	        7.377393E-07	       -3.371081E-03	       -5.898878E-11	       -6.570253E-10	       -4.896799E-05	       -3.319324E-09	       -5.525757E-06	       -2.045733E-01	       -7.607517E-03	       -3.073821E-03	       -3.710822E-07	       -3.188699E-05	       -2.193542E-05	       -3.473657E-05	        1.952779E-02	       -6.004270E-05	       -8.609175E-02	        1.221829E-03	       -9.999577E-02	       -1.097591E-04	       -7.791012E-07	       -3.588222E-10	        6.742061E-04	       -2.649391E-03	       -8.598719E-03	       -8.736280E-07	       -2.714012E-08	       -1.477736E-05	       -2.848917E-13	        2.602212E+03	       -4.242651E+05	        1.153290E-01	        2.405793E+09	        1.904023E-01	        1.105623E-03	        2.336519E+02	        1.876746E+02
        2.935909E-03	        4.760327E-01	        0.000000E+00	        4.037889E-19	        4.258237E-38	        0.000000E+00	        0.000000E+00	        0.000000E+00	        4.514767E-04	        2.400551E-03	        3.506012E-04	        4.947327E-03	        6.686823E-03	        1.529853E-01	        0.000000E+00	        1.300735E-06	        6.661147E-08	        2.086243E-01	        1.422666E-01	        2.732143E-05	        2.577208E-05	        1.598804E-05	        6.986136E-05	        3.370987E-04	        8.860458E-05	        7.401745E-05	        4.326308E-05	        4.994358E-05	        3.725677E-03	        6.139967E-06	        1.041385E-06	        4.158940E-06	        1.548001E-07	        1.767403E-04	        1.935976E-10	        1.501444E-06	        1.883057E-05	        4.134517E-08	        4.961149E-05	        1.494734E-08	        2.239213E-09	        4.699365E-06	        5.404771E-14	        2.596493E-13	        1.464820E-08	        6.622976E-13	        1.751559E-09	        1.275545E-04	        2.981774E-06	        1.320661E-06	        2.780574E-10	        6.317005E-09	        4.371642E-08	        1.547710E-08	        3.936689E-05	        1.255289E-08	        1.462079E-04	        6.869670E-06	        1.934048E-04	        3.320808E-07	        6.552045E-10	        1.205476E-14	        2.725482E-06	        5.130223E-06	        6.508959E-06	        1.742237E-10	        4.997962E-12	        4.364958E-09	        4.544181E-11	        0.000000E+00	        0.000000E+00	        0.000000E+00	        0.000000E+00	        0.000000E+00	        0.000000E+00	        0.000000E+00	       -1.277021E+00	       -2.004120E+00	       -1.218106E+00	       -3.587422E+00	        5.837621E+00	        1.829341E+00	        0.000000E+00	       -2.909038E-04	       -8.067644E-05	        1.261408E+01	       -2.869217E+00	        1.844286E-02	        5.813399E-02	        3.228763E-02	        1.009812E-01	        4.025994E-03	        4.603170E-02	        3.660305E-02	        1.683933E-02	       -5.767477E-03	       -4.182302E+00	        9.607724E-03	        1.240526E-04	        2.655904E-03	        1.063392E-04	       -3.406116E-01	        5.882657E-08	       -1.094385E-04	       -2.765138E-02	       -6.182617E-05	       -9.325993E-03	        1.039212E-05	        5.218014E-07	       -3.950648E-03	       -1.783390E-10	       -6.239229E-10	       -4.411385E-05	       -2.762390E-09	       -4.912871E-06	       -1.940632E-01	       -6.678766E-03	       -2.714802E-03	       -3.812039E-07	       -3.111142E-05	       -2.097185E-05	       -3.358944E-05	        1.933387E-02	       -5.006412E-05	       -9.275651E-02	        1.334563E-03	       -1.037022E-01	       -1.177706E-04	       -7.968972E-07	       -2.501060E-10	        5.316221E-04	       -2.408566E-03	       -7.695706E-03	       -6.689594E-07	       -2.549330E-08	       -1.253263E-05	       -3.070996E-13	        2.606210E+03	       -4.282463E+05	        1.153798E-01	        2.546005E+09	        1.876346E-01	        1.106340E-03	        2.289816E+02	        1.857292E+02
        2.944469E-03	        4.776379E-01	        0.000000E+00	        3.974370E-19	        4.318621E-38	        0.000000E+00	        0.000000E+00	        0.000000E+00	        4.731695E-04	        2.687109E-03	        4.185910E-04	        5.371156E-03	        6.486924E-03	        1.529576E-01	        0.000000E+00	        1.403908E-06	        7.685015E-08	        2.058548E-01	        1.436532E-01	        2.711733E-05	        2.593142E-05	        1.583059E-05	        6.564678E-05	        2.994667E-04	        8.369137E-05	        7.061988E-05	        3.937578E-05	        4.405733E-05	        3.117838E-03	        5.892370E-06	        9.411847E-07	        3.980465E-06	        1.489613E-07	        1.478764E-04	        1.915410E-10	        1.288108E-06	        1.510431E-05	        3.269723E-08	        4.334597E-05	        1.457311E-08	        1.940797E-09	        3.948557E-06	        4.656527E-14	        1.897141E-13	        1.107168E-08	        4.511283E-13	        1.274308E-09	        1.009604E-04	        2.282354E-06	        1.021154E-06	        2.166783E-10	        4.772994E-09	        3.689180E-08	        1.153791E-08	        3.740837E-05	        8.825645E-09	        1.232215E-04	        6.525054E-06	        1.623825E-04	        2.848220E-07	        5.195207E-10	        1.065846E-14	        2.470101E-06	        4.258844E-06	        4.987693E-06	        1.189060E-10	        3.573699E-12	        3.082243E-09	        4.477833E-11	        0.000000E+00	        0.000000E+00	        0.000000E+00	        0.000000E+00	        0.000000E+00	        0.000000E+00	        0.000000E+00	       -9.268861E-01	       -2.247749E+00	       -1.370573E+00	       -3.557815E+00	        5.237015E+00	        2.328363E+00	        0.000000E+00	       -2.595166E-04	       -9.186444E-05	        1.261879E+01	       -2.812147E+00	        2.062736E-02	        6.579668E-02	        3.495436E-02	        9.156819E-02	       -5.647662E-02	        4.324416E-02	        3.564059E-02	        1.224326E-02	       -8.183241E-03	       -4.185697E+00	        9.507633E-03	        5.664113E-05	        2.619315E-03	        1.064008E-04	       -3.353184E-01	        6.630938E-08	       -4.228140E-04	       -2.871713E-02	       -6.666291E-05	       -1.198736E-02	        1.111490E-05	        2.303823E-07	       -4.399000E-03	       -3.253660E-10	       -5.747324E-10	       -3.922202E-05	       -2.241894E-09	       -4.282031E-06	       -1.812540E-01	       -5.790753E-03	       -2.371936E-03	       -3.822052E-07	       -3.001863E-05	       -2.019994E-05	       -3.151161E-05	        1.822318E-02	       -4.113751E-05	       -9.727172E-02	        1.391205E-03	       -1.057884E-01	       -1.246399E-04	       -7.963737E-07	       -1.263227E-10	        3.571554E-04	       -2.166842E-03	       -6.765210E-03	       -5.066759E-07	       -2.343726E-08	       -1.037110E-05	       -3.194107E-13	        2.609345E+03	       -4.321920E+05	        1.154747E-01	        2.660118E+09	        1.848953E-01	        1.106306E-03	        2.243379E+02	        1.838392E+02
        2.953028E-03	        4.792269E-01	        0.000000E+00	        3.911123E-19	        4.378571E-38	        0.000000E+00	        0.000000E+00	        0.000000E+00	        4.951735E-04	        3.011561E-03	        4.983290E-04	        5.825021E-03	        6.283052E-03	        1.529064E-01	        0.000000E+00	        1.510906E-06	        8.875731E-08	        2.029129E-01	        1.450960E-01	        2.657560E-05	        2.564098E-05	        1.541642E-05	        6.074638E-05	        2.626955E-04	        7.809188E-05	        6.642719E-05	        3.535271E-05	        3.842555E-05	        2.577925E-03	        5.571426E-06	        8.409715E-07	        3.757678E-06	        1.413063E-07	        1.223538E-04	        1.877412E-10	        1.083362E-06	        1.187242E-05	        2.522950E-08	        3.742938E-05	        1.393040E-08	        1.649267E-09	        3.270359E-06	        3.925697E-14	        1.345125E-13	        8.199923E-09	        2.980342E-13	        9.039502E-10	        7.864839E-05	        1.721514E-06	        7.785504E-07	        1.648130E-10	        3.530061E-09	        3.078321E-08	        8.371775E-09	        3.505609E-05	        6.081573E-09	        1.025655E-04	        6.141377E-06	        1.346757E-04	        2.416410E-07	        4.037493E-10	        9.242774E-15	        2.207327E-06	        3.516781E-06	        3.765896E-06	        7.956691E-11	        2.483031E-12	        2.124498E-09	        4.412154E-11	        0.000000E+00	        0.000000E+00	        0.000000E+00	        0.000000E+00	        0.000000E+00	        0.000000E+00	        0.000000E+00	       -5.027238E-01	       -2.503576E+00	       -1.513161E+00	       -3.429167E+00	        4.489619E+00	        2.826602E+00	        0.000000E+00	       -2.228054E-04	       -1.032398E-04	        1.245965E+01	       -2.711870E+00	        2.193058E-02	        6.987803E-02	        3.563206E-02	        7.650909E-02	       -1.201217E-01	        3.812444E-02	        3.264302E-02	        6.761670E-03	       -1.064251E-02	       -4.129168E+00	        8.859508E-03	       -2.144956E-05	        2.436632E-03	        1.004643E-04	       -3.259534E-01	        7.185814E-08	       -7.298363E-04	       -2.886280E-02	       -6.855307E-05	       -1.445291E-02	        1.102571E-05	       -1.221012E-07	       -4.692557E-03	       -4.946790E-10	       -5.109782E-10	       -3.427868E-05	       -1.766442E-09	       -3.641495E-06	       -1.663082E-01	       -4.948327E-03	       -2.045847E-03	       -3.717651E-07	       -2.851013E-05	       -1.953505E-05	       -2.856177E-05	        1.613830E-02	       -3.322174E-05	       -9.945446E-02	        1.374937E-03	       -1.060150E-01	       -1.296825E-04	       -7.739054E-07	        1.653060E-12	        1.583131E-04	       -1.928640E-03	       -5.832553E-03	       -3.786000E-07	       -2.096307E-08	       -8.353966E-06	       -3.230569E-13	        2.611584E+03	       -4.361029E+05	        1.156151E-01	        2.739709E+09	        1.821836E-01	        1.105497E-03	        2.197213E+02	        1.820043E+02
        2.961588E-03	        4.808002E-01	        0.000000E+00	        3.848137E-19	        4.438077E-38	        0.000000E+00	        0.000000E+00	        0.000000E+00	        5.172475E-04	        3.378216E-03	        5.910018E-04	        6.307459E-03	        6.076065E-03	        1.528268E-01	        0.000000E+00	        1.621024E-06	        1.025373E-07	        1.998022E-01	        1.465923E-01	        2.567831E-05	        2.487758E-05	        1.474322E-05	        5.528615E-05	        2.273114E-04	        7.189925E-05	        6.151685E-05	        3.127311E-05	        3.310309E-05	        2.104292E-03	        5.183075E-06	        7.421438E-07	        3.494225E-06	        1.319580E-07	        1.000476E-04	        1.820681E-10	        8.918073E-07	        9.131424E-06	        1.895803E-08	        3.191571E-05	        1.302484E-08	        1.370825E-09	        2.668206E-06	        3.230948E-14	        9.232953E-14	        5.940670E-09	        1.904933E-13	        6.240068E-10	        6.023864E-05	        1.278571E-06	        5.848076E-07	        1.221117E-10	        2.550910E-09	        2.536324E-08	        5.901261E-09	        3.236096E-05	        4.102080E-09	        8.425851E-05	        5.719590E-06	        1.102510E-04	        2.026358E-07	        3.071395E-10	        7.845078E-15	        1.942746E-06	        2.889302E-06	        2.801057E-06	        5.210514E-11	        1.672661E-12	        1.427466E-09	        4.347127E-11	        0.000000E+00	        0.000000E+00	        0.000000E+00	        0.000000E+00	        0.000000E+00	        0.000000E+00	        0.000000E+00	       -1.479859E-02	       -2.766282E+00	       -1.635470E+00	       -3.190959E+00	        3.602973E+00	        3.304325E+00	        0.000000E+00	       -1.835731E-04	       -1.142753E-04	        1.211985E+01	       -2.565883E+00	        2.205099E-02	        6.937443E-02	        3.394126E-02	        5.644704E-02	       -1.830923E-01	        3.070608E-02	        2.755839E-02	        6.721183E-04	       -1.300057E-02	       -4.007573E+00	        7.640803E-03	       -1.059909E-04	        2.101134E-03	        8.816012E-05	       -3.121949E-01	        7.460843E-08	       -1.000774E-03	       -2.801978E-02	       -6.729083E-05	       -1.659140E-02	        1.000157E-05	       -5.093476E-07	       -4.818426E-03	       -6.786473E-10	       -4.365272E-10	       -2.933226E-05	       -1.345490E-09	       -3.008120E-06	       -1.495680E-01	       -4.158691E-03	       -1.738257E-03	       -3.490597E-07	       -2.651938E-05	       -1.887945E-05	       -2.492117E-05	        1.311194E-02	       -2.629352E-05	       -9.922688E-02	        1.273377E-03	       -1.042285E-01	       -1.323388E-04	       -7.286243E-07	        1.199169E-10	       -5.356066E-05	       -1.698090E-03	       -4.923927E-03	       -2.782743E-07	       -1.813666E-08	       -6.534416E-06	       -3.193742E-13	        2.612903E+03	       -4.399797E+05	        1.158018E-01	        2.777006E+09	        1.794987E-01	        1.103899E-03	        2.151324E+02	        1.802240E+02
        2.970147E-03	        4.823583E-01	        0.000000E+00	        3.785405E-19	        4.497130E-38	        0.000000E+00	        0.000000E+00	        0.000000E+00	        5.391163E-04	        3.791498E-03	        6.976089E-04	        6.815989E-03	        5.866964E-03	        1.527142E-01	        0.000000E+00	        1.733517E-06	        1.183871E-07	        1.965292E-01	        1.481380E-01	        2.442696E-05	        2.364917E-05	        1.382603E-05	        4.943010E-05	        1.938304E-04	        6.524431E-05	        5.601354E-05	        2.722391E-05	        2.814204E-05	        1.694396E-03	        4.737697E-06	        6.462029E-07	        3.196372E-06	        1.211489E-07	        8.079637E-05	        1.744665E-10	        7.174496E-07	        6.862474E-06	        1.384778E-08	        2.685085E-05	        1.188478E-08	        1.111760E-09	        2.143073E-06	        2.589942E-14	        6.121360E-14	        4.203016E-09	        1.175164E-13	        4.184130E-10	        4.531835E-05	        9.343373E-07	        4.324185E-07	        8.794842E-11	        1.797823E-09	        2.060525E-08	        4.034180E-09	        2.939446E-05	        2.705182E-09	        6.826895E-05	        5.263233E-06	        8.902038E-05	        1.678370E-07	        2.284297E-10	        6.505830E-15	        1.682246E-06	        2.362331E-06	        2.052290E-06	        3.332867E-11	        1.090086E-12	        9.336930E-10	        4.282730E-11	        0.000000E+00	        0.000000E+00	        0.000000E+00	        0.000000E+00	        0.000000E+00	        0.000000E+00	        0.000000E+00	        5.198118E-01	       -3.029167E+00	       -1.726670E+00	       -2.839557E+00	        2.596219E+00	        3.740306E+00	        0.000000E+00	       -1.453702E-04	       -1.243432E-04	        1.159111E+01	       -2.373690E+00	        2.076792E-02	        6.374488E-02	        2.975515E-02	        3.267374E-02	       -2.411568E-01	        2.126605E-02	        2.056557E-02	       -5.638278E-03	       -1.510162E-02	       -3.819620E+00	        5.894041E-03	       -1.916760E-04	        1.622773E-03	        6.983742E-05	       -2.940406E-01	        7.377619E-08	       -1.208077E-03	       -2.622487E-02	       -6.304830E-05	       -1.828024E-02	        8.065800E-06	       -8.948328E-07	       -4.776393E-03	       -8.662788E-10	       -3.568252E-10	       -2.447826E-05	       -9.866116E-10	       -2.403598E-06	       -1.315454E-01	       -3.430048E-03	       -1.451622E-03	       -3.150007E-07	       -2.403720E-05	       -1.813030E-05	       -2.086275E-05	        9.280065E-03	       -2.033605E-05	       -9.663721E-02	        1.079727E-03	       -1.003930E-01	       -1.322567E-04	       -6.626669E-07	        2.145129E-10	       -2.643934E-04	       -1.478848E-03	       -4.064117E-03	       -2.005482E-07	       -1.509694E-08	       -4.950878E-06	       -3.097276E-13	        2.613295E+03	       -4.438231E+05	        1.160349E-01	        2.765900E+09	        1.768398E-01	        1.101510E-03	        2.105722E+02	        1.784969E+02
        2.978707E-03	        4.839016E-01	        0.000000E+00	        3.722921E-19	        4.555727E-38	        0.000000E+00	        0.000000E+00	        0.000000E+00	        5.604806E-04	        4.255823E-03	        8.188682E-04	        7.347080E-03	        5.656877E-03	        1.525645E-01	        0.000000E+00	        1.847672E-06	        1.364847E-07	        1.931032E-01	        1.497283E-01	        2.284590E-05	        2.199821E-05	        1.269800E-05	        4.336995E-05	        1.627230E-04	        5.829076E-05	        5.008480E-05	        2.329420E-05	        2.358813E-05	        1.344783E-03	        4.249738E-06	        5.546586E-07	        2.872820E-06	        1.092142E-07	        6.440255E-05	        1.649767E-10	        5.632865E-07	        5.032110E-06	        9.816118E-09	        2.226987E-05	        1.056043E-08	        8.777496E-10	        1.693497E-06	        2.017494E-14	        3.910969E-14	        2.898899E-09	        6.980315E-14	        2.720080E-10	        3.345268E-05	        6.712676E-07	        3.144538E-07	        6.144423E-11	        1.233606E-09	        1.647990E-08	        2.669980E-09	        2.624548E-05	        1.742295E-09	        5.451604E-05	        4.778614E-06	        7.084088E-05	        1.371985E-07	        1.659012E-10	        5.263043E-15	        1.431629E-06	        1.922625E-06	        1.481308E-06	        2.078103E-11	        6.858623E-13	        5.935257E-10	        4.218945E-11	        0.000000E+00	        0.000000E+00	        0.000000E+00	        0.000000E+00	        0.000000E+00	        0.000000E+00	        0.000000E+00	        1.078051E+00	       -3.284499E+00	       -1.776950E+00	       -2.379700E+00	        1.500279E+00	        4.113683E+00	        0.000000E+00	       -1.117203E-04	       -1.328210E-04	        1.087621E+01	       -2.137173E+00	        1.799030E-02	        5.310140E-02	        2.324320E-02	        6.949447E-03	       -2.901727E-01	        1.033188E-02	        1.204214E-02	       -1.175074E-02	       -1.680137E-02	       -3.568606E+00	        3.724489E-03	       -2.726419E-04	        1.027808E-03	        4.657112E-05	       -2.718142E-01	        6.876852E-08	       -1.332288E-03	       -2.361619E-02	       -5.633797E-05	       -1.942653E-02	        5.386310E-06	       -1.236549E-06	       -4.579158E-03	       -1.041913E-09	       -2.776223E-10	       -1.982997E-05	       -6.929961E-10	       -1.849097E-06	       -1.128803E-01	       -2.769697E-03	       -1.188565E-03	       -2.721028E-07	       -2.112923E-05	       -1.719766E-05	       -1.669505E-05	        4.880968E-03	       -1.532690E-05	       -9.186992E-02	        7.879793E-04	       -9.460987E-02	       -1.293653E-04	       -5.808675E-07	        2.750792E-10	       -4.602043E-04	       -1.273929E-03	       -3.274068E-03	       -1.412154E-07	       -1.203393E-08	       -3.621917E-06	       -2.954456E-13	        2.612765E+03	       -4.476335E+05	        1.163142E-01	        2.703002E+09	        1.742061E-01	        1.098339E-03	        2.060421E+02	        1.768211E+02
        2.987266E-03	        4.854306E-01	        0.000000E+00	        3.660677E-19	        4.613872E-38	        0.000000E+00	        0.000000E+00	        0.000000E+00	        5.810299E-04	        4.775470E-03	        9.551295E-04	        7.896200E-03	        5.447027E-03	        1.523742E-01	        0.000000E+00	        1.962865E-06	        1.569770E-07	        1.895361E-01	        1.513572E-01	        2.098366E-05	        2.000066E-05	        1.140902E-05	        3.731112E-05	        1.343800E-04	        5.122616E-05	        4.393202E-05	        1.956946E-05	        1.947741E-05	        1.051140E-03	        3.736853E-06	        4.689254E-07	        2.534230E-06	        9.657270E-08	        5.063526E-05	        1.537493E-10	        4.310240E-07	        3.594543E-06	        6.741726E-09	        1.819495E-05	        9.119587E-09	        6.731863E-10	        1.315796E-06	        1.523892E-14	        2.399828E-14	        1.944879E-09	        3.979012E-14	        1.710084E-10	        2.419864E-05	        4.735821E-07	        2.246058E-07	        4.152705E-11	        8.227362E-10	        1.295209E-08	        1.706858E-09	        2.301489E-05	        1.094835E-09	        4.287435E-05	        4.274969E-06	        5.551762E-05	        1.105961E-07	        1.174924E-10	        4.146434E-15	        1.196227E-06	        1.557921E-06	        1.053221E-06	        1.259957E-11	        4.156946E-13	        3.655272E-10	        4.155754E-11	        0.000000E+00	        0.000000E+00	        0.000000E+00	        0.000000E+00	        0.000000E+00	        0.000000E+00	        0.000000E+00	        1.632979E+00	       -3.524097E+00	       -1.779331E+00	       -1.824451E+00	        3.561892E-01	        4.405791E+00	        0.000000E+00	       -8.433129E-05	       -1.394412E-04	        9.990682E+00	       -1.860782E+00	        1.379058E-02	        3.831246E-02	        1.482155E-02	       -1.888542E-02	       -3.266301E-01	       -1.328964E-03	        2.411409E-03	       -1.747672E-02	       -1.799344E-02	       -3.262371E+00	        1.264425E-03	       -3.429504E-04	        3.511406E-04	        1.976712E-05	       -2.461182E-01	        5.917721E-08	       -1.370674E-03	       -2.040586E-02	       -4.776739E-05	       -1.999410E-02	        2.080441E-06	       -1.493977E-06	       -4.250653E-03	       -1.185137E-09	       -2.035730E-10	       -1.546930E-05	       -4.607860E-10	       -1.358132E-06	       -9.426570E-02	       -2.181487E-03	       -9.511930E-04	       -2.241334E-07	       -1.793766E-05	       -1.611676E-05	       -1.268726E-05	        2.449683E-04	       -1.122490E-05	       -8.524156E-02	        3.705547E-04	       -8.711411E-02	       -1.240701E-04	       -4.900626E-07	        2.977131E-10	       -6.349624E-04	       -1.085577E-03	       -2.568592E-03	       -9.648472E-08	       -9.151071E-09	       -2.543439E-06	       -2.777722E-13	        2.611337E+03	       -4.514113E+05	        1.166383E-01	        2.588556E+09	        1.715968E-01	        1.094413E-03	        2.015437E+02	        1.751936E+02
        2.995826E-03	        4.869456E-01	        0.000000E+00	        3.598673E-19	        4.671583E-38	        0.000000E+00	        0.000000E+00	        0.000000E+00	        6.004571E-04	        5.354428E-03	        1.106314E-03	        8.457938E-03	        5.238682E-03	        1.521405E-01	        0.000000E+00	        2.078594E-06	        1.799755E-07	        1.858426E-01	        1.530178E-01	        1.891167E-05	        1.775993E-05	        1.002261E-05	        3.145833E-05	        1.090845E-04	        4.424897E-05	        3.778069E-05	        1.612896E-05	        1.583387E-05	        8.084165E-04	        3.218840E-06	        3.902179E-07	        2.192608E-06	        8.370162E-08	        3.923585E-05	        1.410558E-10	        3.210474E-07	        2.495059E-06	        4.474772E-09	        1.463468E-05	        7.644537E-09	        5.006427E-10	        1.004427E-06	        1.113459E-14	        1.400629E-14	        1.263372E-09	        2.152622E-14	        1.032967E-10	        1.711973E-05	        3.273162E-07	        1.572217E-07	        2.701942E-11	        5.326124E-10	        9.982012E-09	        1.047876E-09	        1.980813E-05	        6.705085E-10	        3.318085E-05	        3.765286E-06	        4.281074E-05	        8.783949E-08	        8.095805E-11	        3.172399E-15	        9.807486E-07	        1.257029E-06	        7.370795E-07	        7.389273E-12	        2.419966E-13	        2.162212E-10	        4.093141E-11	        0.000000E+00	        0.000000E+00	        0.000000E+00	        0.000000E+00	        0.000000E+00	        0.000000E+00	        0.000000E+00	        2.157533E+00	       -3.740107E+00	       -1.731871E+00	       -1.192502E+00	       -7.890508E-01	        4.601172E+00	        0.000000E+00	       -5.890698E-05	       -1.456533E-04	        8.963256E+00	       -1.551518E+00	        8.458978E-03	        2.103543E-02	        4.987834E-03	       -4.352900E-02	       -3.480338E-01	       -1.265376E-02	       -8.219728E-03	       -2.395453E-02	       -1.863319E-02	       -2.911583E+00	       -1.505189E-03	       -3.961045E-04	       -3.854035E-04	       -1.066697E-05	       -2.177291E-01	        4.417559E-08	       -1.363022E-03	       -1.683142E-02	       -3.674920E-05	       -2.004119E-02	       -2.785912E-06	       -1.597124E-06	       -3.823436E-03	       -1.274092E-09	       -1.388595E-10	       -1.135978E-05	       -2.730449E-10	       -9.241749E-07	       -7.635058E-02	       -1.661809E-03	       -7.405524E-04	       -1.764220E-07	       -1.441073E-05	       -1.624346E-05	       -8.973149E-06	       -4.198534E-03	       -7.484424E-06	       -7.718241E-02	       -2.945194E-04	       -7.822770E-02	       -1.183582E-04	       -3.986454E-07	        2.844531E-10	       -8.196073E-04	       -9.151963E-04	       -1.954434E-03	       -5.924078E-08	       -6.423634E-09	       -1.687519E-06	       -2.578361E-13	        2.609050E+03	       -4.551569E+05	        1.170055E-01	        2.427066E+09	        1.690114E-01	        1.089769E-03	        1.970522E+02	        1.735992E+02
        3.012945E-03	        4.899343E-01	        0.000000E+00	        3.475451E-19	        4.785766E-38	        0.000000E+00	        0.000000E+00	        0.000000E+00	        6.350895E-04	        6.699775E-03	        1.451594E-03	        9.600538E-03	        4.830372E-03	        1.515387E-01	        0.000000E+00	        2.310216E-06	        2.337538E-07	        1.781299E-01	        1.564097E-01	        1.440957E-05	        1.291056E-05	        7.178909E-06	        2.095020E-05	        6.806725E-05	        3.113109E-05	        2.622377E-05	        1.036563E-05	        9.976483E-06	        4.583024E-04	        2.233796E-06	        2.565068E-07	        1.539245E-06	        5.888641E-08	        2.267822E-05	        1.125340E-10	        1.667594E-07	        1.127343E-06	        1.791209E-09	        9.042118E-06	        4.950260E-09	        2.497165E-10	        5.592732E-07	        5.363650E-15	        4.453141E-15	        4.978723E-10	        5.798311E-15	        3.552949E-11	        8.217418E-06	        1.517658E-07	        7.467006E-08	        1.070201E-11	        2.061790E-10	        5.704679E-09	        3.721861E-10	        1.376718E-05	        2.370958E-10	        1.904443E-05	        2.789306E-06	        2.439230E-05	        5.322762E-08	        3.668996E-11	        1.771200E-15	        6.242074E-07	        8.159052E-07	        3.591792E-07	        2.398729E-12	        7.488830E-14	        7.362795E-11	        3.969624E-11	        0.000000E+00	        0.000000E+00	        0.000000E+00	        0.000000E+00	        0.000000E+00	        0.000000E+00	        0.000000E+00	        2.984098E+00	       -4.063541E+00	       -1.473298E+00	        7.806915E-02	       -2.842218E+00	        4.713961E+00	        0.000000E+00	       -9.236331E-05	       -1.388657E-04	        6.632657E+00	       -8.633011E-01	       -1.158661E-03	       -1.077148E-02	       -8.988760E-03	       -6.761486E-02	       -3.405917E-01	       -2.915778E-02	       -1.910669E-02	       -2.495614E-02	       -1.724888E-02	       -2.178976E+00	       -4.593081E-03	       -4.373673E-04	       -1.302708E-03	       -4.742573E-05	       -1.632793E-01	        1.451615E-08	       -1.032101E-03	       -1.062396E-02	       -2.270723E-05	       -1.752260E-02	       -5.329136E-06	       -1.536882E-06	       -2.850636E-03	       -1.224369E-09	       -6.307170E-11	       -6.296361E-06	       -1.107311E-10	       -4.412566E-07	       -4.717663E-02	       -9.530779E-04	       -4.353445E-04	       -9.746990E-08	       -8.506863E-06	       -1.158033E-05	       -4.414607E-06	       -1.056901E-02	       -3.693757E-06	       -5.872154E-02	       -6.728363E-04	       -5.906287E-02	       -9.451293E-05	       -2.368904E-07	        2.025748E-10	       -8.266646E-04	       -6.364346E-04	       -1.093281E-03	       -2.691352E-08	       -2.955583E-09	       -7.414348E-07	       -2.147922E-13	        2.602070E+03	       -4.625557E+05	        1.178616E-01	        1.998876E+09	        1.639110E-01	        1.078495E-03	        1.882291E+02	        1.705527E+02
        3.030064E-03	        4.928723E-01	        0.000000E+00	        3.353174E-19	        4.898608E-38	        0.000000E+00	        0.000000E+00	        0.000000E+00	        6.623356E-04	        8.316169E-03	        1.844256E-03	        1.072072E-02	        4.441951E-03	        1.507552E-01	        0.000000E+00	        2.544808E-06	        2.972849E-07	        1.701284E-01	        1.598297E-01	        1.006388E-05	        8.436028E-06	        4.650446E-06	        1.276582E-05	        3.932020E-05	        2.021684E-05	        1.664291E-05	        6.118890E-06	        5.858010E-06	        2.423647E-04	        1.412603E-06	        1.567539E-07	        9.887624E-07	        3.784193E-08	        1.232210E-05	        8.304226E-11	        7.824995E-08	        4.560364E-07	        6.215646E-10	        5.210136E-06	        2.836022E-09	        1.074990E-10	        2.894721E-07	        2.224179E-15	        1.203779E-15	        1.722860E-10	        1.293248E-15	        1.072709E-11	        3.630276E-06	        6.546465E-08	        3.294695E-08	        3.709113E-12	        7.064479E-11	        3.004917E-09	        1.167557E-10	        8.784708E-06	        7.657979E-11	        1.019825E-05	        1.915471E-06	        1.296927E-05	        3.014110E-08	        1.516838E-11	        8.994583E-16	        3.656990E-07	        5.234116E-07	        1.707080E-07	        6.856224E-13	        1.990156E-14	        2.232306E-11	        3.848211E-11	        0.000000E+00	        0.000000E+00	        0.000000E+00	        0.000000E+00	        0.000000E+00	        0.000000E+00	        0.000000E+00	        3.424292E+00	       -4.230556E+00	       -1.057871E+00	        1.263417E+00	       -4.349651E+00	        4.446259E+00	        0.000000E+00	       -1.506076E-04	       -1.215144E-04	        4.237997E+00	       -1.564039E-01	       -9.239355E-03	       -3.251543E-02	       -1.790716E-02	       -7.244075E-02	       -2.839261E-01	       -3.696263E-02	       -2.453691E-02	       -2.294109E-02	       -1.412282E-02	       -1.470290E+00	       -6.182446E-03	       -4.033513E-04	       -1.797859E-03	       -6.805420E-05	       -1.111063E-01	       -1.633688E-08	       -6.644543E-04	       -5.659210E-03	       -1.094165E-05	       -1.371121E-02	       -6.323722E-06	       -1.115021E-06	       -1.892591E-03	       -9.185416E-10	       -2.293176E-11	       -2.895251E-06	       -3.374879E-11	       -1.712047E-07	       -2.585065E-02	       -4.891456E-04	       -2.305008E-04	       -4.501872E-08	       -4.097325E-06	       -7.989383E-06	       -1.770352E-06	       -1.337508E-02	       -1.469264E-06	       -4.033136E-02	       -1.105667E-03	       -4.014369E-02	       -7.006628E-05	       -1.222178E-07	        1.062289E-10	       -7.343789E-04	       -4.273328E-04	       -5.546204E-04	       -9.747273E-09	       -1.058732E-09	       -2.783589E-07	       -1.727479E-13	        2.592467E+03	       -4.698333E+05	        1.188522E-01	        1.506681E+09	        1.588973E-01	        1.065091E-03	        1.796685E+02	        1.676744E+02
        3.047183E-03	        4.957610E-01	        0.000000E+00	        3.231878E-19	        5.010368E-38	        0.000000E+00	        0.000000E+00	        0.000000E+00	        6.812915E-04	        1.021280E-02	        2.268728E-03	        1.177335E-02	        4.079942E-03	        1.498030E-01	        0.000000E+00	        2.786772E-06	        3.691227E-07	        1.619915E-01	        1.632081E-01	        6.403548E-06	        4.922903E-06	        2.695538E-06	        7.026318E-06	        2.074366E-05	        1.200682E-05	        9.514526E-06	        3.251384E-06	        3.156599E-06	        1.169386E-04	        8.032278E-07	        8.802096E-08	        5.745123E-07	        2.196443E-08	        6.185309E-06	        5.589290E-11	        3.204581E-08	        1.560766E-07	        1.803627E-10	        2.751298E-06	        1.386785E-09	        3.900580E-11	        1.360525E-07	        7.678753E-16	        2.510673E-16	        4.918392E-11	        2.155137E-16	        2.630214E-12	        1.411396E-06	        2.507688E-08	        1.288815E-08	        1.029689E-12	        2.101389E-11	        1.391297E-09	        3.022945E-11	        5.100619E-06	        2.236188E-11	        4.983649E-06	        1.194758E-06	        6.298993E-06	        1.558685E-08	        5.403499E-12	        3.976494E-16	        1.935163E-07	        3.309944E-07	        7.863886E-08	        1.599107E-13	        4.259155E-15	        5.385405E-12	        3.728834E-11	        0.000000E+00	        0.000000E+00	        0.000000E+00	        0.000000E+00	        0.000000E+00	        0.000000E+00	        0.000000E+00	        3.407464E+00	       -4.251302E+00	       -5.364775E-01	        2.188760E+00	       -5.124261E+00	        3.887964E+00	        0.000000E+00	       -2.493255E-04	       -9.528371E-05	        2.093807E+00	        4.927894E-01	       -1.536917E-02	       -4.020203E-02	       -2.137306E-02	       -6.376982E-02	       -2.033491E-01	       -3.786133E-02	       -2.573199E-02	       -1.876716E-02	       -1.042699E-02	       -8.737802E-01	       -6.418545E-03	       -3.271855E-04	       -1.908311E-03	       -7.316892E-05	       -6.710800E-02	       -5.941445E-08	       -3.485622E-04	       -2.365123E-03	       -3.611496E-06	       -9.730413E-03	       -6.033437E-06	       -5.788530E-07	       -1.090399E-03	       -5.496515E-10	       -5.557979E-12	       -9.603078E-07	       -6.395257E-12	       -4.710011E-08	       -1.189788E-02	       -2.131729E-04	       -1.047297E-04	       -1.543304E-08	       -1.568386E-06	       -5.367439E-06	       -5.093792E-07	       -1.315033E-02	       -4.455094E-07	       -2.458156E-02	       -1.748668E-03	       -2.404077E-02	       -4.842811E-05	       -5.193600E-08	        4.026886E-11	       -5.792031E-04	       -2.771843E-04	       -2.460550E-04	       -2.482036E-09	       -2.823835E-10	       -7.813172E-08	       -1.353974E-13	        2.580906E+03	       -4.769884E+05	        1.199461E-01	        1.041252E+09	        1.539676E-01	        1.050154E-03	        1.713668E+02	        1.649155E+02
        3.081421E-03	        5.013985E-01	        0.000000E+00	        2.992558E-19	        5.230868E-38	        0.000000E+00	        0.000000E+00	        0.000000E+00	        6.949638E-04	        1.483814E-02	        3.155311E-03	        1.357477E-02	        3.443617E-03	        1.474691E-01	        0.000000E+00	        3.314914E-06	        5.313016E-07	        1.457136E-01	        1.696540E-01	        2.298788E-06	        1.345602E-06	        7.739004E-07	        1.902751E-06	        5.250883E-06	        3.710953E-06	        2.787353E-06	        8.531824E-07	        8.623776E-07	        2.665866E-05	        2.276803E-07	        2.511485E-08	        1.690714E-07	        6.444334E-09	        1.520099E-06	        2.219042E-11	        5.925939E-09	        2.089376E-08	        1.477083E-11	        7.319876E-07	        3.420273E-10	        4.269432E-12	        2.944431E-08	        8.291181E-17	        1.727456E-17	        4.220775E-12	        8.267828E-18	        2.285908E-13	        2.363469E-07	        4.240510E-09	        2.241894E-09	        1.038659E-13	        2.210416E-12	        3.231784E-10	        3.045849E-12	        1.484824E-06	        2.495817E-12	        1.158901E-06	        4.360252E-07	        1.454147E-06	        4.023335E-09	        8.350939E-13	        9.014536E-17	        5.082994E-08	        1.401879E-07	        2.273365E-08	        1.051169E-14	        2.382362E-16	        4.685159E-13	        3.495873E-11	        0.000000E+00	        0.000000E+00	        0.000000E+00	        0.000000E+00	        0.000000E+00	        0.000000E+00	        0.000000E+00	        2.917569E+00	       -3.976811E+00	        1.241679E-01	        2.793595E+00	       -5.053379E+00	        2.743079E+00	        0.000000E+00	       -1.831747E-04	       -4.923212E-05	       -5.701979E-01	        1.459971E+00	       -9.221314E-03	       -2.200454E-02	       -1.067174E-02	       -2.731690E-02	       -7.957243E-02	       -1.928785E-02	       -1.176344E-02	       -7.263914E-03	       -4.086557E-03	       -2.791856E-01	       -2.990157E-03	       -1.435971E-04	       -9.339314E-04	       -3.578520E-05	       -2.282080E-02	       -4.028484E-08	       -8.295365E-05	       -4.422783E-04	       -5.661167E-07	       -3.640634E-03	       -1.881246E-06	       -1.181463E-07	       -3.351106E-04	       -8.788763E-11	       -5.384989E-13	       -1.456729E-07	       -4.840741E-13	       -5.562425E-09	       -2.642004E-03	       -4.560966E-05	       -2.314109E-05	       -2.153390E-09	       -1.708204E-07	       -1.502237E-06	       -6.346643E-08	       -6.512292E-03	       -5.312117E-08	       -8.033991E-03	       -8.687533E-04	       -7.762988E-03	       -1.734460E-05	       -9.942040E-09	        4.107529E-12	       -2.210773E-04	       -1.176710E-04	       -5.825498E-05	       -2.808050E-10	       -2.030197E-11	       -8.995501E-09	       -7.892187E-14	        2.553822E+03	       -4.909246E+05	        1.223556E-01	        5.250262E+08	        1.443470E-01	        1.017426E-03	        1.553651E+02	        1.595327E+02
        3.115659E-03	        5.068485E-01	        0.000000E+00	        2.757679E-19	        5.447318E-38	        0.000000E+00	        0.000000E+00	        0.000000E+00	        6.815631E-04	        2.046175E-02	        3.994384E-03	        1.488605E-02	        2.920676E-03	        1.447655E-01	        0.000000E+00	        3.880236E-06	        7.033041E-07	        1.301217E-01	        1.753037E-01	        7.580831E-07	        2.788388E-07	        1.746268E-07	        4.199064E-07	        1.101726E-06	        9.379345E-07	        6.596571E-07	        1.825956E-07	        2.000993E-07	        5.180954E-06	        5.141184E-08	        5.976849E-09	        3.984065E-08	        1.513166E-09	        3.242312E-07	        7.008890E-12	        9.858688E-10	        2.465354E-09	        1.057758E-12	        1.660091E-07	        7.139305E-11	        3.644516E-13	        5.357688E-09	        7.500891E-18	        1.210511E-18	        2.718389E-13	        2.512574E-19	        2.020283E-14	        3.434424E-08	        6.368663E-10	        3.433654E-10	        9.212277E-15	        2.986468E-13	        6.349301E-11	        3.285048E-13	        3.485124E-07	        3.420551E-13	        2.284825E-07	        1.303225E-07	        2.880876E-07	        8.748497E-10	        1.153576E-13	        1.743313E-17	        1.117247E-08	        6.025033E-08	        7.756501E-09	        5.854412E-16	        1.219577E-17	        3.586929E-14	        3.270664E-11	        0.000000E+00	        0.000000E+00	        0.000000E+00	        0.000000E+00	        0.000000E+00	        0.000000E+00	        0.000000E+00	        2.049109E+00	       -3.570146E+00	        5.386814E-01	        2.646357E+00	       -3.969288E+00	        1.768254E+00	        0.000000E+00	       -7.114540E-05	       -1.884766E-05	       -1.732898E+00	        1.970194E+00	       -3.872063E-03	       -7.249095E-03	       -3.660881E-03	       -8.481954E-03	       -2.253614E-02	       -7.050262E-03	       -4.056198E-03	       -2.171692E-03	       -1.246139E-03	       -6.894496E-02	       -1.000354E-03	       -4.674313E-05	       -3.261046E-04	       -1.245708E-05	       -6.071689E-03	       -2.176842E-08	       -1.589663E-05	       -6.073687E-05	       -4.671317E-08	       -1.073418E-03	       -5.127125E-07	       -1.259347E-08	       -7.859008E-05	       -7.307324E-12	       -3.651304E-14	       -1.294285E-08	       -1.860425E-14	       -4.756091E-10	       -4.617855E-04	       -7.983650E-06	       -4.189251E-06	       -2.206369E-10	       -1.155536E-08	       -3.829433E-07	       -6.210013E-09	       -2.228441E-03	       -4.753782E-09	       -2.035584E-03	       -3.986037E-04	       -1.938807E-03	       -4.986016E-06	       -1.579231E-09	       -2.567453E-13	       -6.524752E-05	       -4.839664E-05	       -1.431752E-05	       -1.835013E-11	       -9.660775E-13	       -7.905816E-10	       -4.446822E-14	        2.524334E+03	       -5.043617E+05	        1.249153E-01	        3.514475E+08	        1.350464E-01	        9.834888E-04	        1.401491E+02	        1.541114E+02
        3.149897E-03	        5.121092E-01	        0.000000E+00	        2.527590E-19	        5.658892E-38	        0.000000E+00	        0.000000E+00	        0.000000E+00	        6.497116E-04	        2.693638E-02	        4.725427E-03	        1.573940E-02	        2.489189E-03	        1.418642E-01	        0.000000E+00	        4.447381E-06	        8.754108E-07	        1.155159E-01	        1.799630E-01	        3.013313E-07	        4.605434E-08	        3.251870E-08	        7.879194E-08	        1.993448E-07	        2.015426E-07	        1.317226E-07	        3.334869E-08	        4.075346E-08	        8.887812E-07	        9.692988E-09	        1.229316E-09	        7.864859E-09	        2.982571E-10	        6.202425E-08	        1.830794E-12	        1.536823E-10	        2.785162E-10	        8.667819E-14	        3.319381E-08	        1.340512E-11	        3.293835E-14	        8.456784E-10	        7.421100E-19	        1.073220E-19	        1.475275E-14	        7.628042E-21	        2.085396E-15	        4.518972E-09	        8.758573E-11	        4.789561E-11	        8.195797E-16	        5.259315E-14	        1.106131E-11	        4.016276E-14	        6.843106E-08	        5.396685E-14	        3.968873E-08	        3.322566E-08	        5.134625E-08	        1.681945E-10	        1.466469E-14	        2.989708E-18	        2.222801E-09	        2.658202E-08	        3.014773E-09	        3.267178E-17	        6.621682E-19	        2.575983E-15	        3.053281E-11	        0.000000E+00	        0.000000E+00	        0.000000E+00	        0.000000E+00	        0.000000E+00	        0.000000E+00	        0.000000E+00	        1.334346E+00	       -3.192852E+00	        7.276058E-01	        2.278151E+00	       -2.934004E+00	        1.159933E+00	        0.000000E+00	        2.200549E-05	       -5.199530E-06	       -2.122212E+00	        2.173874E+00	       -1.167565E-03	       -1.658639E-03	       -9.089675E-04	       -2.020281E-03	       -5.038031E-03	       -1.961284E-03	       -1.050639E-03	       -4.992767E-04	       -3.084901E-04	       -1.402326E-02	       -2.472354E-04	       -1.201063E-05	       -8.438966E-05	       -3.207510E-06	       -1.354736E-03	       -8.117588E-09	       -2.677399E-06	       -7.150326E-06	       -3.209522E-09	       -2.584701E-04	       -1.118090E-07	       -9.545045E-10	       -1.499826E-05	       -3.246496E-13	       -2.423491E-15	       -8.397477E-10	       -5.569739E-16	       -4.005797E-11	       -6.842064E-05	       -1.219491E-06	       -6.543811E-07	       -1.929313E-11	       -7.470288E-10	       -7.894589E-08	       -6.378742E-10	       -5.742056E-04	       -5.402146E-10	       -4.211728E-04	       -1.353051E-04	       -3.997012E-04	       -1.148011E-06	       -2.208379E-10	       -2.018762E-13	       -1.506146E-05	       -1.977201E-05	       -4.120001E-06	       -9.755201E-13	       -4.017264E-14	       -6.028972E-11	       -2.446893E-14	        2.493448E+03	       -5.172939E+05	        1.275738E-01	        3.340378E+08	        1.260688E-01	        9.494410E-04	        1.258325E+02	        1.486233E+02
        3.184135E-03	        5.171778E-01	        0.000000E+00	        2.302686E-19	        5.864852E-38	        0.000000E+00	        0.000000E+00	        0.000000E+00	        6.065480E-04	        3.412194E-02	        5.321946E-03	        1.620207E-02	        2.128314E-03	        1.388751E-01	        0.000000E+00	        4.987089E-06	        1.043233E-06	        1.019947E-01	        1.835650E-01	        1.756876E-07	        6.350636E-09	        5.221826E-09	        1.306454E-08	        3.218434E-08	        3.852291E-08	        2.313473E-08	        5.434959E-09	        7.519312E-09	        1.388401E-07	        1.591757E-09	        2.260765E-10	        1.354837E-09	        5.146357E-11	        1.093405E-08	        4.119310E-13	        2.276421E-11	        3.152074E-11	        8.882179E-15	        6.041940E-09	        2.331802E-12	        3.939513E-15	        1.189588E-10	        8.855011E-20	        1.206918E-20	        7.667882E-16	        3.026289E-22	        2.499142E-16	        5.596148E-10	        1.135973E-11	        6.285755E-12	        7.956459E-17	        1.008719E-14	        1.791099E-12	        5.267881E-15	        1.165718E-08	        8.985853E-15	        6.378433E-09	        7.622765E-09	        8.771471E-09	        3.054303E-11	        1.750809E-15	        4.730736E-19	        4.527359E-10	        1.213357E-08	        1.276658E-09	        2.055113E-18	        4.097365E-20	        1.796697E-16	        2.843839E-11	        0.000000E+00	        0.000000E+00	        0.000000E+00	        0.000000E+00	        0.000000E+00	        0.000000E+00	        0.000000E+00	        8.293925E-01	       -2.879309E+00	        7.985782E-01	        1.922718E+00	       -2.184960E+00	        8.149208E-01	        0.000000E+00	        6.822207E-05	       -7.379120E-07	       -2.204224E+00	        2.213865E+00	       -2.804858E-04	       -2.890928E-04	       -1.783196E-04	       -3.952253E-04	       -9.439989E-04	       -4.437459E-04	       -2.203199E-04	       -9.459310E-05	       -6.512736E-05	       -2.463694E-03	       -4.897409E-05	       -2.578986E-06	       -1.754022E-05	       -6.647275E-07	       -2.654313E-04	       -2.325872E-09	       -4.192238E-07	       -7.953113E-07	       -2.458842E-10	       -5.338473E-05	       -2.145420E-08	       -7.110100E-11	       -2.433360E-06	       -1.438588E-15	       -2.005438E-16	       -4.507062E-11	       -1.633745E-17	       -3.916412E-12	       -9.038528E-06	       -1.684144E-07	       -9.176833E-08	       -1.660517E-12	       -8.386919E-11	       -1.401724E-08	       -7.514618E-11	       -1.189364E-04	       -7.852587E-11	       -7.462991E-05	       -3.673844E-05	       -7.178239E-05	       -2.246358E-07	       -2.816583E-11	       -5.249786E-14	       -2.952512E-06	       -8.148499E-06	       -1.391203E-06	       -4.859473E-14	       -1.727635E-15	       -4.283439E-12	       -1.313035E-14	        2.461314E+03	       -5.297118E+05	        1.303235E-01	        3.570635E+08	        1.174191E-01	        9.156464E-04	        1.124196E+02	        1.430479E+02
        3.218373E-03	        5.220510E-01	        0.000000E+00	        2.083428E-19	        6.064682E-38	        0.000000E+00	        0.000000E+00	        0.000000E+00	        5.571873E-04	        4.189603E-02	        5.775619E-03	        1.633951E-02	        1.822739E-03	        1.358634E-01	        0.000000E+00	        5.485080E-06	        1.205320E-06	        8.957478E-02	        1.861128E-01	        1.313648E-07	        7.624891E-10	        7.515765E-10	        1.982331E-09	        4.777063E-09	        7.043832E-09	        3.713157E-09	        8.334996E-10	        1.294459E-09	        2.037481E-08	        2.363045E-10	        3.833380E-11	        2.109567E-10	        8.055693E-12	        1.818112E-09	        8.283683E-14	        3.247223E-12	        3.652845E-12	        1.042049E-15	        1.031546E-09	        3.834602E-13	        5.617464E-16	        1.531439E-11	        1.180823E-20	        1.557355E-21	        4.514139E-17	        2.058985E-23	        3.292338E-17	        6.875958E-11	        1.447190E-12	        8.099149E-13	        8.575969E-18	        2.103174E-15	        2.854921E-13	        7.142275E-16	        1.783465E-09	        1.650120E-15	        1.025735E-09	        1.685128E-09	        1.590729E-09	        5.802408E-12	        2.008495E-16	        7.289148E-20	        1.114642E-10	        5.753297E-09	        5.737471E-10	        1.476533E-19	        3.171838E-21	        1.242357E-17	        2.642470E-11	        0.000000E+00	        0.000000E+00	        0.000000E+00	        0.000000E+00	        0.000000E+00	        0.000000E+00	        0.000000E+00	        4.852278E-01	       -2.615748E+00	        8.100812E-01	        1.625295E+00	       -1.671203E+00	        6.169185E-01	        0.000000E+00	        7.905706E-05	       -4.552634E-07	       -2.176053E+00	        2.177669E+00	       -6.138256E-05	       -4.098125E-05	       -2.940316E-05	       -6.683946E-05	       -1.549558E-04	       -8.607275E-05	       -3.960699E-05	       -1.558071E-05	       -1.221234E-05	       -3.879405E-04	       -8.245274E-06	       -4.843942E-07	       -3.102362E-06	       -1.176225E-07	       -4.723280E-05	       -5.504982E-10	       -6.199033E-08	       -8.803656E-08	       -2.387091E-11	       -9.847830E-06	       -3.766716E-09	       -7.310727E-12	       -3.468348E-07	        1.326251E-15	       -2.136394E-17	       -2.266584E-12	       -6.010512E-19	       -4.491640E-13	       -1.106173E-06	       -2.164563E-08	       -1.193846E-08	       -1.548710E-13	       -1.304802E-11	       -2.256637E-09	       -9.603884E-12	       -2.084226E-05	       -1.217788E-11	       -1.185934E-05	       -8.550103E-06	       -1.185091E-05	       -3.966541E-08	       -3.347514E-12	       -1.034451E-14	       -5.398530E-07	       -3.416022E-06	       -5.238204E-07	       -2.398553E-15	       -8.701723E-17	       -2.943913E-13	       -6.841776E-15	        2.427857E+03	       -5.416043E+05	        1.331706E-01	        3.814970E+08	        1.091027E-01	        8.822453E-04	        9.990260E+01	        1.373783E+02
        3.252611E-03	        5.267255E-01	        0.000000E+00	        1.870336E-19	        6.257964E-38	        0.000000E+00	        0.000000E+00	        0.000000E+00	        5.051712E-04	        5.015006E-02	        6.087592E-03	        1.620797E-02	        1.561717E-03	        1.328687E-01	        0.000000E+00	        5.938539E-06	        1.361556E-06	        7.824158E-02	        1.876442E-01	        1.057803E-07	        8.302152E-11	        1.007536E-10	        2.850888E-10	        6.678825E-10	        1.474476E-09	        5.670698E-10	        1.311254E-10	        2.135513E-10	        2.914099E-09	        3.283710E-11	        6.146600E-12	        3.058200E-11	        1.177589E-12	        2.896243E-10	        1.534007E-14	        4.574205E-13	        4.401824E-13	        1.324972E-16	        1.697896E-10	        6.122113E-14	        8.270139E-17	        1.860335E-12	        1.669549E-21	        2.208220E-22	        3.525992E-18	        2.246605E-24	        4.722604E-18	        9.246300E-12	        1.948134E-13	        1.103942E-13	        1.021043E-18	        5.349255E-16	        4.921993E-14	        1.025218E-16	        2.538203E-10	        3.777674E-16	        1.875945E-10	        3.945831E-10	        3.506867E-10	        1.321643E-12	        2.302834E-17	        1.197553E-20	        3.615041E-11	        2.824941E-09	        2.689878E-10	        1.175731E-20	        4.690777E-22	        8.689707E-19	        2.449312E-11	        0.000000E+00	        0.000000E+00	        0.000000E+00	        0.000000E+00	        0.000000E+00	        0.000000E+00	        0.000000E+00	        2.516532E-01	       -2.382146E+00	        7.876156E-01	        1.375485E+00	       -1.305912E+00	        4.924700E-01	        0.000000E+00	        6.978870E-05	       -2.157779E-06	       -2.108114E+00	        2.108374E+00	       -1.675649E-05	       -4.956789E-06	       -4.249227E-06	       -1.012094E-05	       -2.297265E-05	       -1.486180E-05	       -6.342703E-06	       -2.328904E-06	       -2.090223E-06	       -5.625918E-05	       -1.227821E-06	       -8.204932E-08	       -4.851774E-07	       -1.847451E-08	       -7.798391E-06	       -1.123514E-10	       -8.700597E-09	       -9.887552E-09	       -2.679059E-12	       -1.667259E-06	       -6.131088E-10	       -9.775130E-13	       -4.453241E-08	        2.007748E-16	       -2.622314E-18	       -1.248437E-13	       -3.659013E-20	       -5.639432E-14	       -1.301845E-07	       -2.663770E-09	       -1.485147E-09	       -1.595334E-14	       -1.490908E-12	       -3.426900E-10	       -1.253294E-12	       -3.204559E-06	       -1.909120E-12	       -1.782658E-06	       -1.795705E-06	       -1.925289E-06	       -6.767892E-09	       -3.768817E-13	       -1.823050E-15	       -1.051789E-07	       -1.455817E-06	       -2.095745E-07	       -9.692669E-17	       -5.327010E-18	       -1.995475E-14	       -3.447348E-15	        2.393002E+03	       -5.529601E+05	        1.361234E-01	        3.988232E+08	        1.011255E-01	        8.493278E-04	        8.827388E+01	        1.316142E+02
        3.286849E-03	        5.311982E-01	        0.000000E+00	        1.663978E-19	        6.444302E-38	        0.000000E+00	        0.000000E+00	        0.000000E+00	        4.529389E-04	        5.878339E-02	        6.264647E-03	        1.585612E-02	        1.337406E-03	        1.299178E-01	        0.000000E+00	        6.351296E-06	        1.512452E-06	        6.796808E-02	        1.882135E-01	        8.595420E-08	        6.809881E-12	        1.069046E-11	        3.280907E-11	        7.072056E-11	        4.575106E-10	        7.109161E-11	        2.141901E-11	        2.807170E-11	        3.506737E-10	        3.571706E-12	        7.558503E-13	        3.371046E-12	        1.305757E-13	        3.526046E-11	        2.117753E-15	        5.436743E-14	        4.488135E-14	        1.548758E-17	        2.241707E-11	        8.056081E-15	        9.553726E-18	        1.785307E-13	        2.072084E-22	        2.984559E-23	        3.055372E-19	        2.666515E-25	        6.512356E-19	        1.389256E-12	        2.679731E-14	        1.543794E-14	        1.142077E-19	        1.668249E-16	        9.218074E-15	        1.432130E-17	        2.831805E-11	        1.085655E-16	        4.050385E-11	        9.794361E-11	        9.446229E-11	        3.651599E-13	        2.313990E-18	        2.092446E-21	        1.382700E-11	        1.402444E-09	        1.272876E-10	        8.814202E-22	        1.623255E-22	        4.849421E-20	        2.264497E-11	        0.000000E+00	        0.000000E+00	        0.000000E+00	        0.000000E+00	        0.000000E+00	        0.000000E+00	        0.000000E+00	        7.754554E-02	       -2.161608E+00	        7.570898E-01	        1.140690E+00	       -1.009924E+00	        4.008078E-01	        0.000000E+00	        4.148804E-05	       -4.122652E-07	       -2.024479E+00	        2.024518E+00	       -8.041600E-06	       -3.940394E-07	       -4.240913E-07	       -1.091715E-06	       -2.424542E-06	       -1.888913E-06	       -7.294697E-07	       -2.596670E-07	       -2.650202E-07	       -5.964522E-06	       -1.280773E-07	       -1.015104E-08	       -5.339725E-08	       -2.054703E-09	       -9.575048E-07	       -1.670003E-11	       -9.064251E-10	       -8.631887E-10	       -2.440649E-13	       -2.104579E-07	       -7.420862E-11	       -1.072369E-13	       -3.971759E-09	        2.722763E-17	       -2.677268E-19	       -6.479086E-15	       -2.730359E-21	       -5.814826E-15	       -1.198690E-08	       -2.518674E-10	       -1.421707E-10	       -1.347940E-15	        2.446109E-13	       -4.148246E-11	       -1.288224E-13	       -3.430449E-07	       -2.541364E-13	       -2.201652E-07	       -3.062498E-07	       -2.797429E-07	       -1.020555E-09	       -3.096444E-14	       -2.638085E-16	       -2.226676E-08	       -6.167596E-07	       -8.346063E-08	        2.063158E-18	       -3.016586E-19	       -9.727835E-16	       -1.673851E-15	        2.356724E+03	       -5.637689E+05	        1.391893E-01	        4.086185E+08	        9.349276E-02	        8.169742E-04	        7.783327E+01	        1.260094E+02
        3.355325E-03	        5.395806E-01	        0.000000E+00	        1.271779E-19	        6.793132E-38	        0.000000E+00	        0.000000E+00	        0.000000E+00	        3.527425E-04	        7.695880E-02	        6.247674E-03	        1.463680E-02	        9.758154E-04	        1.241790E-01	        0.000000E+00	        7.090440E-06	        1.797923E-06	        5.035021E-02	        1.867095E-01	        5.539070E-08	        2.329497E-13	        5.979077E-13	        2.163330E-12	        3.281839E-12	        1.895275E-10	        5.682872E-12	        2.972006E-12	        2.059844E-12	        2.737691E-11	        1.973169E-13	        4.771424E-14	        1.770102E-13	        6.710291E-15	        1.848273E-12	        1.583531E-16	        4.172635E-15	        2.887762E-15	        1.357340E-18	        1.667829E-12	        7.155062E-16	        5.735782E-19	        8.568753E-15	        1.965059E-23	        3.660661E-24	        2.187757E-20	        2.800042E-26	        8.322188E-20	        1.676821E-13	        3.048227E-15	        1.802202E-15	        9.889229E-21	        4.343721E-17	        1.720458E-15	        1.742751E-18	        1.711801E-12	        2.652364E-17	        6.488471E-12	        2.039828E-11	        1.794372E-11	        7.511093E-14	        1.773972E-19	        3.368784E-22	        3.366671E-12	        4.829152E-10	        4.010144E-11	        9.375757E-23	        4.162203E-23	        2.635480E-21	        1.918127E-11	        0.000000E+00	        0.000000E+00	        0.000000E+00	        0.000000E+00	        0.000000E+00	        0.000000E+00	        0.000000E+00	       -6.619407E-02	       -1.833213E+00	        6.532628E-01	        8.630698E-01	       -7.238878E-01	        3.254520E-01	        0.000000E+00	        1.280611E-05	       -4.510413E-06	       -1.824615E+00	        1.824623E+00	       -5.938439E-06	       -1.250128E-08	       -1.737219E-08	       -4.810640E-08	       -1.006625E-07	       -1.306185E-07	       -3.463033E-08	       -1.515426E-08	       -1.351152E-08	       -2.705189E-07	       -5.422797E-09	       -4.867612E-10	       -2.299575E-09	       -8.935526E-11	       -4.636218E-08	       -8.960674E-13	       -4.064397E-11	       -3.303982E-11	       -1.047203E-14	       -1.076199E-08	       -3.662190E-12	       -4.671804E-15	       -1.466544E-10	        3.397932E-18	       -1.279695E-20	       -1.989696E-16	       -1.155982E-22	       -2.812472E-16	       -6.497442E-10	       -1.242615E-11	       -7.112309E-12	       -5.520455E-17	        1.716829E-13	       -2.572994E-12	       -6.387924E-15	       -1.473891E-08	       -1.471114E-14	       -1.768534E-08	       -2.686755E-08	       -2.917584E-08	       -1.060864E-10	       -1.137258E-15	       -3.011014E-17	       -3.784590E-09	       -1.470358E-07	       -1.906867E-08	        4.452699E-19	       -1.726573E-20	       -1.944870E-17	       -3.489440E-16	        2.280086E+03	       -5.832362E+05	        1.456952E-01	        4.041474E+08	        7.918790E-02	        7.541259E-04	        5.959510E+01	        1.147645E+02
        3.423801E-03	        5.471504E-01	        0.000000E+00	        9.135328E-20	        7.108494E-38	        0.000000E+00	        0.000000E+00	        0.000000E+00	        2.647310E-04	        9.561516E-02	        5.833466E-03	        1.297464E-02	        7.051793E-04	        1.187720E-01	        0.000000E+00	        7.753366E-06	        2.064796E-06	        3.639529E-02	        1.822793E-01	        3.418767E-08	        1.675755E-14	        7.345229E-14	        3.148675E-13	        2.732616E-13	        9.782741E-11	        9.999476E-13	        7.261439E-13	        3.096346E-13	        4.826042E-12	        2.314596E-14	        5.910739E-15	        2.035561E-14	        6.894875E-16	        1.341224E-13	        2.077097E-17	        7.162524E-16	        4.338073E-16	        2.549283E-19	        2.486352E-13	        1.402635E-16	        7.403526E-20	        8.829570E-16	        4.007802E-24	        1.038523E-24	        3.819870E-21	        7.241952E-27	        2.421451E-20	        3.428857E-14	        6.526873E-16	        3.939317E-16	        1.999940E-21	        1.568256E-17	        5.458870E-16	        4.353672E-19	        2.277254E-13	        1.033120E-17	        1.487441E-12	        6.094103E-12	        4.593845E-12	        2.108014E-14	        3.371050E-20	        9.141973E-23	        9.444796E-13	        2.045625E-10	        1.539307E-11	        3.541767E-23	        1.034590E-23	        8.367094E-22	        1.605332E-11	        0.000000E+00	        0.000000E+00	        0.000000E+00	        0.000000E+00	        0.000000E+00	        0.000000E+00	        0.000000E+00	       -1.360943E-01	       -1.481510E+00	        5.144640E-01	        6.181753E-01	       -5.094328E-01	        2.684107E-01	        0.000000E+00	       -1.298811E-05	       -9.430122E-06	       -1.562010E+00	        1.562015E+00	       -4.585116E-06	       -4.852728E-10	       -1.011491E-09	       -3.139136E-09	       -5.229368E-09	       -3.161026E-08	       -2.589786E-09	       -1.808575E-09	       -9.826486E-10	       -1.969726E-08	       -3.187918E-10	       -3.197840E-11	       -1.277038E-10	       -4.985247E-12	       -2.796880E-09	       -6.871008E-14	       -2.940888E-12	       -2.070862E-12	       -8.401723E-16	       -7.956651E-10	       -2.911097E-13	       -2.728841E-16	       -7.552573E-12	        8.986109E-19	       -1.175629E-21	       -1.312390E-17	       -9.608938E-24	       -2.656733E-17	       -7.268262E-11	       -1.254984E-12	       -7.317751E-13	       -4.262963E-18	        6.635447E-14	       -3.539373E-13	       -6.341550E-16	       -9.030854E-10	        7.976722E-16	       -2.653954E-09	       -4.597629E-09	       -5.145433E-09	       -1.928205E-11	       -7.790421E-17	       -7.027944E-18	       -9.048558E-10	       -4.046671E-08	       -5.055412E-09	        5.009020E-20	       -2.146695E-21	       -7.255042E-19	       -6.140974E-17	        2.198996E+03	       -6.003416E+05	        1.526949E-01	        3.777724E+08	        6.626970E-02	        6.945124E-04	        4.371072E+01	        1.024185E+02
        3.458039E-03	        5.505965E-01	        0.000000E+00	        7.499912E-20	        7.253649E-38	        0.000000E+00	        0.000000E+00	        0.000000E+00	        2.266903E-04	        1.048195E-01	        5.521664E-03	        1.206050E-02	        5.974237E-04	        1.162377E-01	        0.000000E+00	        8.067884E-06	        2.192340E-06	        3.069937E-02	        1.792304E-01	        2.646345E-08	        5.026221E-15	        2.863154E-14	        1.340769E-13	        8.408545E-14	        7.037395E-11	        4.638937E-13	        3.726806E-13	        1.335594E-13	        2.255747E-12	        8.860678E-15	        2.324685E-15	        8.399165E-15	        2.569352E-16	        2.768650E-14	        7.968161E-18	        3.300054E-16	        1.894792E-16	        1.196872E-19	        1.050994E-13	        6.929070E-17	        3.167800E-20	        3.157874E-16	        1.969839E-24	        6.084572E-25	        1.778376E-21	        4.136042E-27	        1.432609E-20	        1.610529E-14	        3.183767E-16	        1.940002E-16	        9.896760E-22	        9.712119E-18	        3.154256E-16	        2.331861E-19	        9.279335E-14	        6.986518E-18	        7.236816E-13	        3.327952E-12	        2.371114E-12	        1.141925E-14	        1.629123E-20	        4.873633E-23	        4.952821E-13	        1.374840E-10	        9.765809E-12	        2.589720E-23	        5.153177E-24	        6.045537E-22	        1.462936E-11	        0.000000E+00	        0.000000E+00	        0.000000E+00	        0.000000E+00	        0.000000E+00	        0.000000E+00	        0.000000E+00	       -1.468123E-01	       -1.270593E+00	        4.210650E-01	        4.688582E-01	       -4.003101E-01	        2.393070E-01	        0.000000E+00	       -2.683765E-05	       -4.643412E-06	       -1.412015E+00	        1.412019E+00	       -3.606137E-06	       -6.274334E-11	       -1.977145E-10	       -6.841280E-10	       -8.106053E-10	       -1.843115E-08	       -6.492754E-10	       -6.231126E-10	       -2.268222E-10	       -4.903906E-09	       -6.174718E-11	       -6.561361E-12	       -2.204711E-11	       -8.515681E-13	       -4.690337E-10	       -1.569496E-14	       -7.220864E-13	       -4.643327E-13	       -2.302850E-16	       -1.866557E-10	       -7.770831E-14	       -5.003102E-17	       -1.290927E-12	        4.910225E-19	       -4.164895E-22	       -3.341983E-18	       -3.103798E-24	       -9.730817E-18	       -2.235285E-11	       -3.926798E-13	       -2.328029E-13	       -1.210164E-18	        3.970798E-14	       -1.570784E-13	       -2.172062E-16	       -1.843287E-10	        1.243195E-15	       -9.222168E-10	       -2.054483E-09	       -1.929597E-09	       -7.707568E-12	       -2.060624E-17	       -3.545946E-18	       -3.833405E-10	       -2.145226E-08	       -2.557615E-09	        1.501637E-20	        2.168119E-21	       -1.826221E-19	       -2.425794E-17	        2.157364E+03	       -6.083919E+05	        1.563612E-01	        3.607448E+08	        6.038883E-02	        6.662345E-04	        3.692523E+01	        9.611085E+01
        3.492277E-03	        5.538301E-01	        0.000000E+00	        5.967961E-20	        7.388348E-38	        0.000000E+00	        0.000000E+00	        0.000000E+00	        1.925311E-04	        1.138843E-01	        5.158318E-03	        1.111902E-02	        5.048370E-04	        1.138142E-01	        0.000000E+00	        8.377274E-06	        2.314522E-06	        2.577152E-02	        1.757146E-01	        2.027364E-08	        1.754279E-15	        1.253192E-14	        6.525791E-14	        3.501790E-14	        5.046544E-11	        2.415403E-13	        2.012494E-13	        6.893218E-14	        1.187942E-12	        3.945827E-15	        1.192889E-15	        4.345337E-15	        1.254693E-16	        7.147387E-15	        4.135331E-18	        1.719471E-16	        9.763815E-17	        6.334214E-20	        5.315243E-14	        3.904905E-17	        1.808917E-20	        1.309180E-16	        1.103372E-24	        3.967574E-25	        9.545053E-22	        2.658802E-27	        9.445140E-21	        8.218972E-15	        1.710533E-16	        1.051114E-16	        5.463812E-22	        6.418399E-18	        1.939424E-16	        1.382741E-19	        4.322154E-14	        5.192794E-18	        3.755378E-13	        1.907431E-12	        1.298740E-12	        6.576337E-15	        8.855937E-21	        2.766819E-23	        2.662127E-13	        9.673572E-11	        6.481438E-12	        2.129148E-23	        2.693631E-24	        4.925269E-22	        1.329320E-11	        0.000000E+00	        0.000000E+00	        0.000000E+00	        0.000000E+00	        0.000000E+00	        0.000000E+00	        0.000000E+00	       -1.509143E-01	       -1.092640E+00	        3.416543E-01	        3.603134E-01	       -3.270544E-01	        2.223702E-01	        0.000000E+00	       -2.130951E-05	       -3.174329E-06	       -1.260989E+00	        1.260992E+00	       -2.973652E-06	       -1.584658E-11	       -6.374060E-11	       -2.202445E-10	       -1.732153E-10	       -1.280021E-08	       -2.270842E-10	       -2.749355E-10	       -6.784865E-11	       -1.714222E-09	       -1.899715E-11	       -1.623880E-12	       -5.834722E-12	       -2.082692E-13	       -8.441563E-11	       -3.433285E-15	       -2.480577E-13	       -1.435702E-13	       -8.133572E-17	       -5.571115E-11	       -2.633234E-14	       -1.028359E-17	       -3.718925E-13	        2.896206E-19	       -1.652249E-22	       -1.140206E-18	       -1.210837E-24	       -3.886711E-18	       -8.632106E-12	       -1.500537E-13	       -8.967237E-14	       -4.624719E-19	        2.449372E-14	       -7.046181E-14	       -8.567153E-17	       -5.806885E-11	        1.203170E-15	       -3.803175E-10	       -9.520473E-10	       -8.424844E-10	       -3.419004E-12	       -7.417856E-18	       -1.926651E-18	       -1.854956E-10	       -1.172980E-08	       -1.347212E-09	        6.199397E-21	        3.041344E-21	       -7.788442E-20	       -9.210967E-18	        2.115274E+03	       -6.158896E+05	        1.601352E-01	        3.399231E+08	        5.487058E-02	        6.390174E-04	        3.106463E+01	        9.001214E+01
        3.526515E-03	        5.568523E-01	        0.000000E+00	        4.544741E-20	        7.511601E-38	        0.000000E+00	        0.000000E+00	        0.000000E+00	        1.622076E-04	        1.227300E-01	        4.760495E-03	        1.017391E-02	        4.253699E-04	        1.115060E-01	        0.000000E+00	        8.679407E-06	        2.430682E-06	        2.154344E-02	        1.718351E-01	        1.537033E-08	        6.438470E-16	        5.752289E-15	        3.373035E-14	        1.701075E-14	        3.598107E-11	        1.331903E-13	        1.121792E-13	        3.906280E-14	        6.663219E-13	        1.877168E-15	        7.005484E-16	        2.465480E-15	        6.954660E-17	        2.437315E-15	        2.511076E-18	        9.547417E-17	        5.492648E-17	        3.600381E-20	        2.964530E-14	        2.357610E-17	        1.196551E-20	        5.802760E-17	        6.652220E-25	        2.771057E-25	        5.578549E-22	        1.846818E-27	        6.686260E-21	        4.440652E-15	        9.799879E-17	        6.070489E-17	        3.229680E-22	        4.458575E-18	        1.235296E-16	        8.767379E-20	        2.133227E-14	        4.156402E-18	        2.041101E-13	        1.132295E-12	        7.447728E-13	        3.968067E-15	        5.161729E-21	        1.630085E-23	        1.456815E-13	        7.096336E-11	        4.478221E-12	        1.920523E-23	        1.581469E-24	        4.348594E-22	        1.204438E-11	        0.000000E+00	        0.000000E+00	        0.000000E+00	        0.000000E+00	        0.000000E+00	        0.000000E+00	        0.000000E+00	       -1.486284E-01	       -9.298300E-01	        2.692086E-01	        2.682091E-01	       -2.699282E-01	        2.101422E-01	        0.000000E+00	       -6.479926E-06	        1.009507E-07	       -1.112110E+00	        1.112113E+00	       -2.421625E-06	       -5.130335E-12	       -2.532599E-11	       -8.983767E-11	       -5.241177E-11	       -9.130762E-09	       -9.746778E-11	       -1.322301E-10	       -2.601749E-11	       -7.318938E-10	       -7.501343E-12	       -5.416790E-13	       -2.227733E-12	       -7.261478E-14	       -1.704755E-11	       -9.266405E-16	       -1.044439E-13	       -5.644864E-14	       -3.408812E-17	       -2.100462E-11	       -1.105877E-14	       -2.695131E-18	       -1.361387E-13	        1.807612E-19	       -7.394648E-23	       -4.733910E-19	       -5.383931E-25	       -1.741020E-18	       -3.726238E-12	       -6.518373E-14	       -3.920100E-14	       -2.069082E-19	        1.526759E-14	       -3.529587E-14	       -3.843005E-17	       -2.319332E-11	        9.512651E-16	       -1.707991E-10	       -4.676637E-10	       -3.952171E-10	       -1.628095E-12	       -3.171207E-18	       -1.060236E-18	       -9.324323E-11	       -6.590786E-09	       -7.323298E-10	        2.954061E-21	        3.568610E-21	       -4.095392E-20	       -3.370292E-18	        2.073013E+03	       -6.228469E+05	        1.640053E-01	        3.170087E+08	        4.971303E-02	        6.129356E-04	        2.592470E+01	        8.396027E+01
        3.560753E-03	        5.596653E-01	        0.000000E+00	        3.234758E-20	        7.622193E-38	        0.000000E+00	        0.000000E+00	        0.000000E+00	        1.355852E-04	        1.312855E-01	        4.343710E-03	        9.245151E-03	        3.573221E-04	        1.093165E-01	        0.000000E+00	        8.968840E-06	        2.539530E-06	        1.794589E-02	        1.676935E-01	        1.153223E-08	        2.394550E-16	        2.687600E-15	        1.788157E-14	        8.804246E-15	        2.548156E-11	        7.558467E-14	        6.369601E-14	        2.313783E-14	        3.870543E-13	        9.169895E-16	        4.358556E-16	        1.447487E-15	        4.064416E-17	        1.020728E-15	        1.625216E-18	        5.478498E-17	        3.237643E-17	        2.135949E-20	        1.733692E-14	        1.476411E-17	        8.542229E-21	        2.662247E-17	        4.179719E-25	        2.016744E-25	        3.435281E-22	        1.347775E-27	        4.949978E-21	        2.495881E-15	        5.855379E-17	        3.656822E-17	        1.990075E-22	        3.212995E-18	        7.985820E-17	        5.800611E-20	        1.078178E-14	        3.514802E-18	        1.145674E-13	        6.861263E-13	        4.422049E-13	        2.477218E-15	        3.135747E-21	        9.783569E-24	        8.066998E-14	        5.399241E-11	        3.201591E-12	        1.860773E-23	        1.119011E-24	        4.071846E-22	        1.088201E-11	        0.000000E+00	        0.000000E+00	        0.000000E+00	        0.000000E+00	        0.000000E+00	        0.000000E+00	        0.000000E+00	       -1.383613E-01	       -7.751381E-01	        2.011223E-01	        1.795234E-01	       -2.215717E-01	        2.009619E-01	        0.000000E+00	        3.073736E-05	        1.425504E-05	       -9.685765E-01	        9.685784E-01	       -1.859694E-06	       -1.497724E-12	       -9.609679E-12	       -3.718923E-11	       -1.836679E-11	       -6.157689E-09	       -4.294919E-11	       -6.078630E-11	       -1.130926E-11	       -3.233609E-10	       -2.991731E-12	       -2.283347E-13	       -9.624078E-13	       -2.971803E-14	       -3.606603E-12	       -3.264687E-16	       -4.550271E-14	       -2.437664E-14	       -1.496442E-17	       -8.949376E-12	       -5.132483E-15	       -1.070200E-18	       -4.777934E-14	        1.168850E-19	       -4.069776E-23	       -2.161265E-19	       -2.845758E-25	       -9.816564E-19	       -1.568719E-12	       -2.909736E-14	       -1.766572E-14	       -9.846692E-20	        9.522885E-15	       -1.961921E-14	       -1.921051E-17	       -9.185936E-12	        6.064641E-16	       -7.364459E-11	       -2.340865E-10	       -1.790159E-10	       -7.667048E-13	       -1.436107E-18	       -5.666613E-19	       -4.295214E-11	       -3.787974E-09	       -4.059904E-10	        9.419063E-22	        3.868257E-21	       -3.442538E-20	       -1.192582E-18	        2.030883E+03	       -6.292799E+05	        1.679562E-01	        2.932353E+08	        4.491256E-02	        5.880580E-04	        2.161410E+01	        7.826776E+01
        3.629229E-03	        5.647321E-01	        0.000000E+00	        9.439391E-21	        7.792552E-38	        0.000000E+00	        0.000000E+00	        0.000000E+00	        9.203959E-05	        1.474895E-01	        3.490394E-03	        7.475526E-03	        2.491137E-04	        1.052563E-01	        0.000000E+00	        9.475953E-06	        2.722136E-06	        1.233555E-02	        1.588673E-01	        6.256057E-09	        3.615163E-17	        6.453075E-16	        5.718990E-15	        2.893695E-15	        1.251305E-11	        2.805096E-14	        2.247310E-14	        9.712250E-15	        1.532959E-13	        2.488422E-16	        2.030288E-16	        5.349888E-16	        1.578606E-17	        3.250117E-16	        8.335616E-19	        2.087015E-17	        1.372787E-17	        9.085980E-21	        7.211277E-15	        6.783729E-18	        5.536501E-21	        6.651362E-18	        1.982884E-25	        1.242740E-25	        1.612391E-22	        8.510425E-28	        3.221934E-21	        9.470699E-16	        2.530492E-17	        1.608203E-17	        8.894297E-23	        1.934064E-18	        3.698785E-17	        3.045709E-20	        3.135331E-15	        3.002317E-18	        4.229219E-14	        2.898285E-13	        1.818869E-13	        1.116901E-15	        1.379321E-21	        3.982693E-24	        2.649541E-14	        3.534549E-11	        1.865315E-12	        2.089226E-23	        1.025638E-24	        4.222673E-22	        8.788347E-12	        0.000000E+00	        0.000000E+00	        0.000000E+00	        0.000000E+00	        0.000000E+00	        0.000000E+00	        0.000000E+00	       -1.266720E-01	       -5.464923E-01	        1.116655E-01	        8.733675E-02	       -1.647904E-01	        1.843877E-01	        0.000000E+00	        9.316734E-05	        2.443669E-05	       -7.093582E-01	        7.093595E-01	       -1.270408E-06	       -3.117177E-13	       -2.706334E-12	       -1.143241E-11	       -5.000202E-12	       -3.537902E-09	       -1.371153E-11	       -2.105232E-11	       -3.473095E-12	       -1.021859E-10	       -8.741112E-13	       -6.787189E-14	       -3.534890E-13	       -9.996837E-15	       -5.785326E-13	       -3.587033E-17	       -1.438912E-14	       -7.267677E-15	       -4.486983E-18	       -2.675384E-12	       -1.574829E-15	       -1.784209E-19	       -1.250114E-14	        5.482139E-20	       -1.198536E-23	       -6.862045E-20	       -7.457534E-26	       -2.454746E-19	       -4.747109E-13	       -8.857002E-15	       -5.404245E-15	       -3.371551E-20	        3.855133E-15	       -7.190837E-15	       -5.835028E-18	       -2.704472E-12	        3.545557E-16	       -2.300532E-11	       -7.783621E-11	       -5.865783E-11	       -2.526553E-13	       -4.430541E-19	       -1.604173E-19	       -1.508626E-11	       -1.352679E-09	       -1.466575E-10	        5.641045E-22	        3.870956E-21	       -7.741296E-21	       -1.361341E-19	        1.947966E+03	       -6.397488E+05	        1.760575E-01	        2.407706E+08	        3.626585E-02	        5.419359E-04	        1.477080E+01	        6.739885E+01
        3.697705E-03	        5.690337E-01	        0.000000E+00	        0.000000E+00	        7.887428E-38	        0.000000E+00	        0.000000E+00	        0.000000E+00	        6.033124E-05	        1.619748E-01	        2.691959E-03	        5.912529E-03	        1.711534E-04	        1.016701E-01	        0.000000E+00	        9.803255E-06	        2.844671E-06	        8.401770E-03	        1.500710E-01	        3.230145E-09	        5.330664E-18	        1.550018E-16	        1.885483E-15	        1.026621E-15	        5.944615E-12	        1.103243E-14	        8.051027E-15	        4.413609E-15	        6.568516E-14	        6.968086E-17	        1.010498E-16	        1.947059E-16	        6.289787E-18	        1.221278E-16	        4.567723E-19	        8.318806E-18	        6.426047E-18	        4.243872E-21	        3.297989E-15	        3.316800E-18	        4.056483E-21	        1.818971E-18	        1.023004E-25	        7.893567E-26	        8.446685E-23	        5.681700E-28	        2.235052E-21	        4.018046E-16	        1.212416E-17	        7.888702E-18	        4.214487E-23	        1.244086E-18	        1.755163E-17	        1.742120E-20	        9.467310E-16	        2.741995E-18	        1.707068E-14	        1.296573E-13	        8.222606E-14	        5.406834E-16	        6.480293E-22	        1.734184E-24	        8.824275E-15	        2.505821E-11	        1.183825E-12	        2.446231E-23	        1.293039E-24	        4.593561E-22	        7.010876E-12	        0.000000E+00	        0.000000E+00	        0.000000E+00	        0.000000E+00	        0.000000E+00	        0.000000E+00	        0.000000E+00	       -1.030831E-01	       -3.499705E-01	        3.563738E-02	        1.592247E-02	       -1.162973E-01	        1.597503E-01	        0.000000E+00	        1.709868E-04	        4.223997E-05	       -4.882037E-01	        4.882045E-01	       -7.625761E-07	       -4.747128E-14	       -6.606138E-13	       -3.412122E-12	       -1.429164E-12	       -1.777637E-09	       -4.459330E-12	       -7.009052E-12	       -1.198573E-12	       -3.381420E-11	       -2.382637E-13	       -2.527140E-14	       -1.284747E-13	       -3.593121E-15	       -1.429406E-13	        4.653571E-18	       -4.832460E-15	       -2.424272E-15	       -1.479013E-18	       -9.025085E-13	       -5.601028E-16	       -2.160507E-20	       -2.954333E-15	        2.637655E-20	       -6.248867E-24	       -2.623600E-20	       -2.170496E-26	       -7.138832E-20	       -1.454118E-13	       -2.942773E-15	       -1.803776E-15	       -1.322306E-20	        1.488130E-15	       -3.033404E-15	       -2.130319E-18	       -7.402501E-13	        2.131113E-16	       -7.117233E-12	       -2.793020E-11	       -1.938661E-11	       -8.917307E-14	       -1.572730E-19	       -3.875360E-20	       -4.777631E-12	       -4.974229E-10	       -5.766102E-11	        1.162142E-21	        3.276126E-21	        1.080560E-20	       -1.439825E-20	        1.869100E+03	       -6.485226E+05	        1.842383E-01	        1.897978E+08	        2.892502E-02	        5.011330E-04	        9.681774E+00	        5.674471E+01
        3.766181E-03	        5.726196E-01	        0.000000E+00	        0.000000E+00	        7.881596E-38	        0.000000E+00	        0.000000E+00	        0.000000E+00	        3.825162E-05	        1.745236E-01	        2.002626E-03	        4.599244E-03	        1.161349E-04	        9.855816E-02	        0.000000E+00	        9.862213E-06	        2.887607E-06	        5.702409E-03	        1.418272E-01	        1.588783E-09	        7.611233E-19	        3.677411E-17	        6.318928E-16	        3.872726E-16	        2.734970E-12	        4.551062E-15	        2.876593E-15	        2.134744E-15	        2.993734E-14	        1.995533E-17	        5.236271E-17	        6.862849E-17	        2.501593E-18	        5.037727E-17	        2.613896E-19	        3.362760E-18	        3.230490E-18	        2.100609E-21	        1.639606E-15	        1.671981E-18	        3.122881E-21	        5.326579E-19	        5.552519E-26	        4.845774E-26	        4.697821E-23	        3.745332E-28	        1.563064E-21	        1.864903E-16	        6.235507E-18	        4.190643E-18	        2.017631E-23	        8.134445E-19	        8.582606E-18	        1.042098E-20	        2.956502E-16	        2.443579E-18	        7.381423E-15	        6.037335E-14	        3.985137E-14	        2.701021E-16	        3.100701E-22	        8.155801E-25	        2.953037E-15	        1.855390E-11	        7.966758E-13	        2.636659E-23	        1.584912E-24	        4.715156E-22	        5.529139E-12	        0.000000E+00	        0.000000E+00	        0.000000E+00	        0.000000E+00	        0.000000E+00	        0.000000E+00	        0.000000E+00	       -7.860488E-02	       -2.074709E-01	       -1.180920E-02	       -2.272728E-02	       -8.002081E-02	        1.305080E-01	        0.000000E+00	        2.417731E-04	        5.820861E-05	       -3.183699E-01	        3.183703E-01	       -4.312029E-07	       -7.148368E-15	       -1.641690E-13	       -1.064864E-12	       -4.414060E-13	       -8.580333E-10	       -1.538153E-12	       -2.428094E-12	       -4.439309E-13	       -1.208694E-11	       -6.730157E-14	       -1.025898E-14	       -4.734477E-14	       -1.375531E-15	       -4.345127E-14	        1.095231E-17	       -1.779358E-15	       -8.859778E-16	       -5.434261E-19	       -3.271337E-13	       -2.213369E-16	        5.350431E-20	       -7.701469E-16	        1.263967E-20	       -4.872621E-24	       -1.177805E-20	       -6.545221E-27	       -1.192439E-20	       -4.910362E-14	       -1.074726E-15	       -6.502236E-16	       -5.798448E-21	        5.337926E-16	       -1.270717E-15	       -8.280681E-19	       -2.112673E-13	        1.677848E-16	       -2.402716E-12	       -1.061966E-11	       -7.037385E-12	       -3.583869E-14	       -6.434502E-20	       -9.622357E-21	       -1.552930E-12	       -1.835116E-10	       -2.445459E-11	        2.077564E-21	        2.188767E-21	        2.864955E-20	       -1.493620E-21	        1.796378E+03	       -6.558492E+05	        1.922712E-01	        1.431554E+08	        2.280556E-02	        4.658009E-04	        6.148836E+00	        4.690516E+01
        3.834657E-03	        5.755535E-01	        0.000000E+00	        0.000000E+00	        7.744545E-38	        0.000000E+00	        0.000000E+00	        0.000000E+00	        2.355066E-05	        1.850751E-01	        1.447056E-03	        3.542222E-03	        7.806718E-05	        9.591077E-02	        0.000000E+00	        9.591856E-06	        2.838982E-06	        3.876866E-03	        1.344805E-01	        7.471967E-10	        1.042434E-19	        8.539054E-18	        2.116294E-16	        1.515557E-16	        1.215993E-12	        1.940824E-15	        1.014670E-15	        1.072200E-15	        1.419434E-14	        5.771753E-18	        2.742337E-17	        2.328876E-17	        9.731432E-19	        2.165412E-17	        1.510784E-19	        1.333328E-18	        1.685952E-18	        1.055487E-21	        8.710805E-16	        8.367376E-19	        2.345034E-21	        1.601858E-19	        3.050086E-26	        2.709002E-26	        2.624824E-23	        2.295889E-28	        1.044100E-21	        9.199283E-17	        3.307453E-18	        2.311288E-18	        9.309705E-24	        5.140256E-19	        4.305664E-18	        6.219049E-21	        9.465775E-17	        1.961557E-18	        3.326512E-15	        2.840931E-14	        2.014928E-14	        1.334729E-16	        1.436525E-22	        4.015987E-25	        9.905934E-16	        1.400605E-11	        5.576482E-13	        2.400427E-23	        1.633888E-24	        4.192910E-22	        4.316810E-12	        0.000000E+00	        0.000000E+00	        0.000000E+00	        0.000000E+00	        0.000000E+00	        0.000000E+00	        0.000000E+00	       -5.330984E-02	       -1.106901E-01	       -3.796002E-02	       -3.960293E-02	       -5.296835E-02	        9.920419E-02	        0.000000E+00	        2.909464E-04	        7.518157E-05	       -1.990064E-01	        1.990066E-01	       -2.023520E-07	       -8.171599E-16	       -3.380797E-14	       -2.826715E-13	       -1.248399E-13	       -3.509742E-10	       -4.833009E-13	       -7.061421E-13	       -1.659902E-13	       -4.178506E-12	       -1.677610E-14	       -4.549586E-15	       -1.419298E-14	       -4.689463E-16	       -1.374830E-14	        6.028047E-18	       -6.049633E-16	       -3.417645E-16	       -2.139093E-19	       -1.226005E-13	       -9.622252E-17	        9.353796E-21	       -1.829109E-16	        5.950376E-21	       -4.740196E-24	       -6.426889E-21	       -9.021166E-27	       -2.055869E-20	       -1.636256E-14	       -4.216544E-16	       -2.521922E-16	       -2.573366E-21	        1.633153E-16	       -5.004850E-16	       -4.212399E-19	       -5.138036E-14	        8.102290E-17	       -7.697278E-13	       -4.016282E-12	       -2.512706E-12	       -1.536135E-14	       -2.824629E-20	       -4.129316E-21	       -4.203172E-13	       -6.721507E-11	       -1.083217E-11	        1.715168E-21	        9.929701E-22	        2.395128E-20	       -1.617191E-22	        1.731396E+03	       -6.619516E+05	        1.999121E-01	        1.035885E+08	        1.779875E-02	        4.358751E-04	        3.880324E+00	        3.851921E+01
        3.971609E-03	        5.798803E-01	        0.000000E+00	        0.000000E+00	        7.024472E-38	        0.000000E+00	        0.000000E+00	        0.000000E+00	        8.213927E-06	        2.010573E-01	        7.008277E-04	        2.065527E-03	        3.470985E-05	        9.179248E-02	        0.000000E+00	        8.104975E-06	        2.464403E-06	        1.850319E-03	        1.225997E-01	        1.488765E-10	        1.941468E-21	        4.746706E-19	        2.700267E-17	        3.044858E-17	        2.345579E-13	        4.447352E-16	        1.293055E-16	        3.389933E-16	        3.964113E-15	        5.757661E-19	        8.848330E-18	        2.871111E-18	        1.589922E-19	        5.667749E-18	        5.997957E-20	        2.164806E-19	        5.553020E-19	        2.862090E-22	        3.502475E-16	        2.196089E-19	        1.225099E-21	        1.621107E-20	        1.017101E-26	        6.041949E-27	        8.403177E-24	        6.499891E-29	        3.890551E-22	        2.804514E-17	        1.050965E-18	        7.761954E-19	        1.715545E-24	        1.788565E-19	        1.346531E-18	        2.153389E-21	        1.215921E-17	        8.515412E-19	        7.928405E-16	        7.253747E-15	        5.963094E-15	        3.091478E-17	        2.822112E-23	        1.015585E-25	        1.150095E-16	        8.086733E-12	        3.008750E-13	        1.070471E-23	        8.836357E-25	        1.924726E-22	        2.528889E-12	        0.000000E+00	        0.000000E+00	        0.000000E+00	        0.000000E+00	        0.000000E+00	        0.000000E+00	        0.000000E+00	       -2.864304E-02	       -3.799368E-02	       -2.870434E-02	       -1.717482E-02	       -2.486083E-02	        4.750387E-02	        0.000000E+00	        3.509980E-04	        9.042576E-05	       -7.347973E-02	        7.347980E-02	       -7.421979E-08	       -5.362273E-17	       -4.099571E-15	       -5.879961E-14	       -2.806215E-14	       -1.128117E-10	       -1.193335E-13	       -1.603900E-13	       -4.140527E-14	       -1.086940E-12	       -2.425461E-15	       -1.221520E-15	       -3.068053E-15	       -1.118210E-16	       -2.865139E-15	        3.053693E-18	       -1.613544E-16	       -9.174863E-17	       -6.644215E-20	       -2.616669E-14	       -3.288951E-17	        1.967650E-20	       -3.020080E-17	        1.583664E-21	       -2.403345E-24	       -2.794818E-21	       -7.469631E-27	       -1.389288E-20	       -4.394230E-15	       -1.226643E-16	       -7.395885E-17	       -7.941863E-22	        6.387631E-18	       -1.329636E-16	       -1.517921E-19	       -9.690423E-15	        1.339258E-17	       -2.083681E-13	       -1.097603E-12	       -7.418284E-13	       -5.774998E-15	       -9.872172E-21	       -1.858669E-21	       -8.687986E-14	       -8.712643E-12	       -2.291596E-12	        2.994288E-22	       -6.342345E-23	        6.155917E-21	       -2.489136E-24	        1.625629E+03	       -6.695828E+05	        2.134476E-01	        4.684845E+07	        1.041483E-02	        3.901083E-04	        1.429027E+00	        2.470882E+01
        4.040085E-03	        5.813745E-01	        0.000000E+00	        0.000000E+00	        6.477054E-38	        0.000000E+00	        0.000000E+00	        0.000000E+00	        4.599546E-06	        2.066474E-01	        4.702076E-04	        1.573092E-03	        2.268559E-05	        9.031995E-02	        0.000000E+00	        6.928238E-06	        2.154962E-06	        1.271374E-03	        1.183070E-01	        6.098640E-11	        2.334212E-22	        1.051454E-19	        9.225749E-18	        1.354166E-17	        9.457199E-14	        2.151884E-16	        4.431283E-17	        1.880512E-16	        2.093996E-15	        1.779392E-19	        4.784585E-18	        9.922550E-19	        6.086969E-20	        2.847748E-18	        3.512075E-20	        7.839928E-20	        3.160966E-19	        1.361194E-22	        2.346315E-16	        9.966508E-20	        7.911959E-22	        5.200102E-21	        5.517359E-27	        2.131319E-27	        4.318009E-24	        2.766313E-29	        1.966274E-22	        1.592848E-17	        5.639855E-19	        4.225104E-19	        6.200607E-25	        8.749636E-20	        7.618922E-19	        1.118523E-21	        4.402270E-18	        4.275752E-19	        3.810145E-16	        3.434923E-15	        3.238948E-15	        1.292561E-17	        1.051259E-23	        4.358101E-26	        3.862617E-17	        6.092616E-12	        2.221582E-13	        5.274585E-24	        4.129396E-25	        9.394766E-23	        1.911467E-12	        0.000000E+00	        0.000000E+00	        0.000000E+00	        0.000000E+00	        0.000000E+00	        0.000000E+00	        0.000000E+00	       -1.577003E-02	       -1.780187E-02	       -2.500495E-02	       -1.047121E-02	       -1.509895E-02	        2.802289E-02	        0.000000E+00	        2.493588E-04	        7.201267E-05	       -4.241425E-02	        4.241427E-02	       -2.609722E-08	       -2.949078E-18	       -5.862932E-16	       -1.327296E-14	       -8.753637E-15	       -3.859371E-11	       -3.923903E-14	       -3.594205E-14	       -1.901862E-14	       -4.295250E-13	       -5.036203E-16	       -6.753006E-16	       -6.695183E-16	       -3.179216E-17	       -1.169997E-15	        2.599318E-19	       -4.870512E-17	       -4.397971E-17	       -3.244297E-20	       -1.079089E-14	       -1.788097E-17	       -2.279185E-20	       -5.825466E-18	        8.677049E-22	       -1.253587E-24	       -1.903784E-21	       -5.949747E-27	       -2.271465E-20	       -1.722756E-15	       -6.377668E-17	       -4.390733E-17	       -2.945982E-22	       -6.575916E-18	       -5.686618E-17	       -1.266312E-19	       -2.117984E-15	       -3.866456E-17	       -7.328435E-14	       -4.741834E-13	       -3.018725E-13	       -2.667412E-15	       -4.037831E-21	       -9.430845E-22	       -1.770549E-14	       -3.054457E-12	       -9.578402E-13	       -4.640138E-22	       -1.482562E-22	       -8.869759E-21	       -3.855106E-25	        1.585776E+03	       -6.731613E+05	        2.189671E-01	        2.919094E+07	        7.864962E-03	        3.736770E-04	        8.050192E-01	        1.894870E+01
        4.108561E-03	        5.825142E-01	        0.000000E+00	        0.000000E+00	        5.889308E-38	        0.000000E+00	        0.000000E+00	        0.000000E+00	        2.533753E-06	        2.109362E-01	        3.118845E-04	        1.205455E-03	        1.485070E-05	        8.917459E-02	        0.000000E+00	        5.678502E-06	        1.811778E-06	        8.818773E-04	        1.149510E-01	        2.446880E-11	        2.907799E-23	        2.408513E-20	        3.280548E-18	        6.446050E-18	        3.861661E-14	        1.106618E-16	        1.552737E-17	        1.079777E-16	        1.158173E-15	        5.843881E-20	        2.646153E-18	        3.749243E-19	        2.443333E-20	        1.519776E-18	        2.097005E-20	        2.862734E-20	        1.877369E-19	        6.394488E-23	        1.661988E-16	        4.455149E-20	        5.051467E-22	        1.855711E-21	        3.033083E-27	        6.557629E-28	        2.239443E-24	        1.073495E-29	        9.149257E-23	        9.593181E-18	        3.056695E-19	        2.305924E-19	        2.102715E-25	        3.976168E-20	        4.555270E-19	        5.578734E-22	        1.712258E-18	        1.920710E-19	        1.887262E-16	        1.646383E-15	        1.822647E-15	        5.170984E-18	        3.713745E-24	        1.738645E-26	        1.332296E-17	        4.584567E-12	        1.652184E-13	        2.264506E-24	        1.548372E-25	        3.901785E-23	        1.440523E-12	        0.000000E+00	        0.000000E+00	        0.000000E+00	        0.000000E+00	        0.000000E+00	        0.000000E+00	        0.000000E+00	       -9.147342E-03	       -9.281431E-03	       -1.818723E-02	       -3.257851E-03	       -9.112054E-03	        1.516987E-02	        0.000000E+00	        1.789174E-04	        5.533134E-05	       -2.436957E-02	        2.436958E-02	       -1.091954E-08	       -3.677251E-19	       -1.329206E-16	       -4.139348E-15	       -3.228981E-15	       -1.481276E-11	       -1.534824E-14	       -1.152148E-14	       -8.831554E-15	       -1.845658E-13	       -1.404791E-16	       -3.227509E-16	       -1.980231E-16	       -1.076510E-17	       -4.817549E-16	        9.841764E-20	       -1.693992E-17	       -2.050162E-17	       -1.522614E-20	       -4.157342E-15	       -8.361547E-18	       -1.890785E-20	       -1.660510E-18	        5.167896E-22	       -4.957290E-25	       -1.186777E-21	       -3.061982E-27	       -1.513691E-20	       -7.299702E-16	       -3.141945E-17	       -2.299986E-17	       -1.118559E-22	       -5.163943E-18	       -2.454895E-17	       -7.453841E-20	       -6.642210E-16	       -2.887620E-17	       -3.059540E-14	       -2.082574E-13	       -1.369569E-13	       -1.189161E-15	       -1.601459E-21	       -4.052468E-22	       -5.423904E-15	       -1.083700E-12	       -3.918419E-13	       -3.766625E-22	       -8.363924E-23	       -7.284167E-21	       -7.260170E-26	        1.554091E+03	       -6.760215E+05	        2.235367E-01	        1.743280E+07	        5.920047E-03	        3.609187E-04	        4.465777E-01	        1.436046E+01
        4.177037E-03	        5.833706E-01	        0.000000E+00	        0.000000E+00	        5.357849E-38	        0.000000E+00	        0.000000E+00	        0.000000E+00	        1.381913E-06	        2.141718E-01	        2.056768E-04	        9.317167E-04	        9.768661E-06	        8.830191E-02	        0.000000E+00	        4.486309E-06	        1.471616E-06	        6.190851E-04	        1.123821E-01	        9.726379E-12	        3.748856E-24	        5.739263E-21	        1.210447E-18	        3.247898E-18	        1.605287E-14	        5.971260E-17	        5.576321E-18	        6.405868E-17	        6.654977E-16	        2.031723E-20	        1.495951E-18	        1.550683E-19	        1.031637E-20	        8.601409E-19	        1.266710E-20	        1.067790E-20	        1.164504E-19	        2.976215E-23	        1.223577E-16	        1.978961E-20	        3.269371E-22	        7.489858E-22	        1.698672E-27	        1.822786E-28	        1.222571E-24	        3.943525E-30	        4.026665E-23	        6.058333E-18	        1.671363E-19	        1.270309E-19	        6.867562E-26	        1.698511E-20	        2.854618E-19	        2.708668E-22	        7.068317E-19	        8.076678E-20	        9.517404E-17	        7.954031E-16	        1.058428E-15	        1.994456E-18	        1.259989E-24	        6.531694E-27	        4.732781E-18	        3.455850E-12	        1.236947E-13	        9.049779E-25	        4.959839E-26	        1.450606E-23	        1.086629E-12	        0.000000E+00	        0.000000E+00	        0.000000E+00	        0.000000E+00	        0.000000E+00	        0.000000E+00	        0.000000E+00	       -5.133083E-03	       -5.225085E-03	       -1.247348E-02	        1.124583E-03	       -5.513814E-03	        7.424942E-03	        0.000000E+00	        1.108049E-04	        3.772216E-05	       -1.407707E-02	        1.407707E-02	       -4.407075E-09	       -4.751030E-20	       -3.093352E-17	       -1.331554E-15	       -1.276881E-15	       -5.672060E-12	       -6.384786E-15	       -3.741788E-15	       -4.236186E-15	       -8.344732E-14	       -4.009541E-17	       -1.563829E-16	       -6.030201E-17	       -3.705058E-18	       -2.046164E-16	       -2.077217E-21	       -5.820767E-18	       -9.563547E-18	       -7.004643E-21	       -1.442862E-15	       -3.794742E-18	       -1.145061E-20	       -5.053349E-19	        3.271033E-22	       -1.625297E-25	       -7.333251E-22	       -1.267882E-27	       -7.937151E-21	       -3.203932E-16	       -1.567665E-17	       -1.162378E-17	       -3.846165E-23	       -2.887470E-18	       -1.089404E-17	       -3.906977E-20	       -2.192271E-16	       -1.493770E-17	       -1.355613E-14	       -9.274190E-14	       -6.470650E-14	       -4.988836E-16	       -5.884411E-22	       -1.545902E-22	       -1.666297E-15	       -3.927065E-13	       -1.586373E-13	       -1.866138E-22	       -3.307467E-23	       -3.681959E-21	       -1.661295E-26	        1.529496E+03	       -6.782645E+05	        2.272021E-01	        1.009413E+07	        4.458549E-03	        3.511939E-04	        2.425588E-01	        1.072900E+01
        4.245513E-03	        5.840055E-01	        0.000000E+00	        0.000000E+00	        4.969552E-38	        0.000000E+00	        0.000000E+00	        0.000000E+00	        7.521231E-07	        2.165779E-01	        1.356616E-04	        7.279954E-04	        6.486890E-06	        8.764908E-02	        0.000000E+00	        3.446061E-06	        1.163483E-06	        4.414770E-04	        1.104505E-01	        3.884851E-12	        5.091805E-25	        1.438514E-21	        4.636753E-19	        1.716841E-18	        6.765010E-15	        3.339736E-17	        2.058657E-18	        3.926628E-17	        3.951404E-16	        7.469034E-21	        8.631361E-19	        6.961031E-20	        4.567858E-21	        5.142661E-19	        7.712337E-21	        4.142826E-21	        7.529910E-20	        1.377373E-23	        9.246583E-17	        8.862816E-21	        2.169039E-22	        3.394067E-22	        9.723317E-28	        4.644807E-29	        7.262705E-25	        1.355159E-30	        1.683295E-23	        3.972322E-18	        9.204715E-20	        7.071598E-20	        2.170374E-26	        6.942478E-21	        1.859840E-19	        1.282492E-22	        3.064112E-19	        3.216420E-20	        4.838738E-17	        3.833770E-16	        6.332813E-16	        7.492962E-19	        4.149724E-25	        2.332752E-27	        1.743033E-18	        2.620604E-12	        9.341720E-14	        3.396233E-25	        1.400582E-26	        4.814775E-24	        8.242607E-13	        0.000000E+00	        0.000000E+00	        0.000000E+00	        0.000000E+00	        0.000000E+00	        0.000000E+00	        0.000000E+00	       -2.549708E-03	       -2.985569E-03	       -8.314693E-03	        2.530810E-03	       -3.404408E-03	        3.372053E-03	        0.000000E+00	        4.216061E-05	        2.072450E-05	       -8.257196E-03	        8.257197E-03	       -1.462408E-09	       -5.314487E-21	       -6.554266E-18	       -3.591440E-16	       -4.969774E-16	       -1.944918E-12	       -2.697320E-15	       -1.013049E-15	       -2.110369E-15	       -3.908252E-14	       -1.007375E-17	       -7.824781E-17	       -1.564420E-17	       -1.122364E-18	       -9.031098E-17	       -8.236883E-20	       -1.619495E-18	       -4.526277E-18	       -2.788329E-21	       -4.069777E-16	       -1.437379E-18	       -6.398287E-21	       -1.503785E-19	        2.143852E-22	       -3.975406E-26	       -4.591512E-22	       -4.319247E-28	       -3.469941E-21	       -1.495541E-16	       -7.819757E-18	       -5.782205E-18	       -1.064711E-23	       -1.156998E-18	       -5.044045E-18	       -1.847188E-20	       -6.411301E-17	       -6.130158E-18	       -5.851556E-15	       -4.060709E-14	       -3.102574E-14	       -1.659579E-16	       -1.688727E-22	       -5.407107E-23	       -4.091993E-16	       -1.467590E-13	       -6.447208E-14	       -7.325257E-23	       -9.353759E-24	       -1.364746E-21	       -4.571533E-27	        1.510801E+03	       -6.799894E+05	        2.300612E-01	        5.757482E+06	        3.375043E-03	        3.439030E-04	        1.340927E-01	        8.061371E+00
        4.382465E-03	        5.848274E-01	        0.000000E+00	        0.000000E+00	        4.769526E-38	        0.000000E+00	        0.000000E+00	        0.000000E+00	        2.306313E-07	        2.197035E-01	        6.037221E-05	        4.593901E-04	        3.030460E-06	        8.679694E-02	        0.000000E+00	        1.943972E-06	        6.834264E-07	        2.382216E-04	        1.079082E-01	        6.722644E-13	        1.373850E-26	        1.184067E-22	        8.258273E-20	        5.966227E-19	        1.478564E-15	        1.212203E-17	        3.259256E-19	        1.738173E-17	        1.624675E-16	        1.292282E-21	        3.337531E-19	        1.835738E-20	        1.113296E-21	        2.332164E-19	        3.247928E-21	        8.031668E-22	        3.663469E-20	        3.225930E-24	        5.568800E-17	        2.118778E-21	        1.069444E-22	        9.944598E-23	        3.565858E-28	        3.265050E-30	        3.771469E-25	        2.042728E-31	        3.297906E-24	        1.929603E-18	        3.117245E-20	        2.466511E-20	        2.554207E-27	        1.192844E-21	        8.971459E-20	        3.119606E-23	        6.945205E-20	        6.020877E-21	        1.362340E-17	        1.029778E-16	        2.619736E-16	        1.150483E-19	        4.918301E-26	        3.094071E-28	        2.699869E-19	        1.540732E-12	        5.475989E-14	        6.212591E-26	        1.199079E-27	        5.819750E-25	        4.846058E-13	        0.000000E+00	        0.000000E+00	        0.000000E+00	        0.000000E+00	        0.000000E+00	        0.000000E+00	        0.000000E+00	       -8.155020E-04	       -1.557941E-03	       -3.877358E-03	        4.250491E-03	       -1.420559E-03	       -3.017793E-04	        0.000000E+00	       -5.677976E-07	        5.127631E-06	       -3.035408E-03	        3.035408E-03	       -2.681067E-10	       -1.055880E-21	       -5.418913E-19	       -4.968705E-17	       -1.133697E-16	       -3.540320E-13	       -7.085570E-16	       -1.462674E-16	       -5.987128E-16	       -1.110701E-14	       -9.212721E-19	       -2.202068E-17	       -1.575635E-18	       -1.741453E-19	       -2.138800E-17	       -3.842234E-20	       -2.320419E-19	       -1.119967E-18	       -6.010768E-22	        8.248375E-17	       -2.923486E-19	       -1.711055E-21	       -2.684426E-20	        9.499375E-23	       -3.490588E-27	       -2.155466E-22	       -5.960526E-29	       -6.820389E-22	       -3.838287E-17	       -2.306188E-18	       -1.681803E-18	       -1.295395E-24	       -2.206791E-19	       -1.326117E-18	       -4.499986E-21	       -9.626921E-18	       -1.076233E-18	       -1.541067E-15	       -9.500271E-15	       -9.085171E-15	       -2.754729E-17	       -2.274089E-23	       -6.477675E-24	       -5.010502E-17	       -2.308495E-14	       -1.135252E-14	       -1.169948E-23	       -7.919611E-25	       -1.897933E-22	       -5.504194E-28	        1.485999E+03	       -6.822071E+05	        2.339550E-01	        1.792362E+06	        1.972406E-03	        3.343648E-04	        4.710388E-02	        4.845543E+00
        4.656369E-03	        5.855809E-01	        0.000000E+00	        0.000000E+00	        5.522965E-38	        0.000000E+00	        0.000000E+00	        0.000000E+00	        2.217683E-08	        2.225854E-01	        1.185863E-05	        1.893317E-04	        8.088542E-07	        8.601751E-02	        0.000000E+00	        5.775818E-07	        1.857521E-07	        7.998787E-05	        1.055334E-01	        2.385359E-14	        5.287470E-24	        2.614751E-24	        4.438048E-21	        1.317775E-19	        1.482717E-16	        2.263254E-18	        1.300330E-20	        5.608585E-18	        4.467136E-17	        7.723944E-23	        8.161387E-20	        2.368804E-21	        1.179765E-22	        8.850513E-20	        8.642457E-22	        6.194091E-23	        1.153467E-20	        2.671415E-25	        2.077253E-17	        2.038231E-22	        3.090381E-23	        2.034512E-23	        5.548770E-29	        4.111965E-32	        2.364879E-25	        1.898639E-32	        3.674438E-25	        5.427799E-19	        6.005208E-21	        4.790032E-21	        1.077122E-28	        4.243602E-23	        2.594270E-20	        3.363789E-24	        5.294111E-21	        5.797043E-22	        1.315054E-18	        1.557234E-17	        7.183434E-17	        3.767454E-21	        1.140476E-27	        7.980788E-30	        8.100086E-21	        5.510464E-13	        1.957854E-14	        8.191250E-27	        2.396586E-29	        2.387078E-26	        1.732125E-13	        0.000000E+00	        0.000000E+00	        0.000000E+00	        0.000000E+00	        0.000000E+00	        0.000000E+00	        0.000000E+00	       -1.558672E-04	       -5.577426E-04	       -1.351947E-03	        3.241541E-03	       -3.275051E-04	       -1.206472E-03	        0.000000E+00	       -1.262066E-05	       -2.549932E-06	       -4.627037E-04	        4.627038E-04	       -2.167675E-11	       -8.247367E-18	       -1.147366E-20	       -3.499181E-18	       -1.311756E-17	       -3.368862E-14	       -1.178503E-16	       -1.013870E-17	       -4.794683E-17	       -1.357901E-15	        1.397083E-20	       -2.875282E-18	        8.284106E-20	       -1.362404E-20	       -3.983959E-19	       -6.835685E-21	       -1.814670E-20	       -1.165727E-19	       -6.003880E-23	        4.936036E-17	       -3.343328E-20	       -2.882700E-22	       -2.425234E-21	        1.741989E-23	       -8.372068E-29	       -6.628786E-23	       -3.281409E-30	       -5.156265E-23	       -5.101623E-18	       -3.367665E-19	       -2.553885E-19	       -5.726652E-26	       -1.901221E-20	       -2.157234E-19	       -4.946030E-22	       -8.749979E-19	       -7.947623E-20	       -2.401513E-16	       -1.024895E-15	       -1.130621E-15	       -2.006548E-18	       -1.122583E-24	       -1.238041E-25	       -3.698444E-18	       -6.947181E-16	       -3.803915E-16	       -7.799641E-25	       -7.587713E-27	       -9.586238E-24	       -2.355768E-29	        1.462634E+03	       -6.843243E+05	        2.377343E-01	        8.961647E+04	        6.865476E-04	        3.255123E-04	        6.669070E-03	        1.847878E+00
        4.930273E-03	        5.858549E-01	        0.000000E+00	        0.000000E+00	        6.303950E-38	        0.000000E+00	        0.000000E+00	        0.000000E+00	        1.727268E-09	        2.236394E-01	        1.862680E-06	        7.168299E-05	        2.344932E-07	        8.574183E-02	        0.000000E+00	        2.284034E-07	        3.546097E-08	        2.704032E-05	        1.046628E-01	        8.710125E-16	        3.250973E-24	        2.173411E-25	        2.367818E-22	        3.228319E-20	        2.213852E-17	        3.942889E-19	        6.913982E-22	        2.030867E-18	        1.429966E-17	        5.319806E-24	        2.240688E-20	        3.213395E-22	        1.371548E-23	        3.799917E-20	        2.270757E-22	        5.643038E-24	        3.554683E-21	        2.718617E-26	        7.328817E-18	        2.019793E-23	        7.702869E-24	        5.842853E-24	        6.940004E-30	        6.334161E-34	        1.549477E-25	        2.777387E-33	        6.867313E-26	        1.099733E-19	        1.617561E-21	        1.177722E-21	        7.265108E-30	        1.180806E-24	        7.006630E-21	        4.258164E-25	        3.479137E-22	        6.437937E-23	        9.268763E-20	        3.351777E-18	        2.265590E-17	        1.047176E-22	        3.431167E-29	        1.700469E-31	        2.140867E-22	        1.910296E-13	        6.788077E-15	        1.722299E-27	        7.732600E-31	        9.818895E-28	        5.999727E-14	        0.000000E+00	        0.000000E+00	        0.000000E+00	        0.000000E+00	        0.000000E+00	        0.000000E+00	        0.000000E+00	       -1.622416E-05	       -1.056604E-04	       -3.461944E-04	        8.775156E-04	       -5.911734E-05	       -3.664981E-04	        0.000000E+00	       -6.121008E-06	       -1.969831E-06	       -6.267933E-05	        6.267933E-05	       -7.541643E-13	       -5.144526E-18	       -1.855288E-22	       -1.378245E-19	       -1.967164E-18	       -2.674830E-15	       -2.422369E-17	       -2.822813E-19	        2.622372E-18	       -1.246081E-16	        9.610711E-21	       -4.620155E-19	        4.922507E-20	       -6.180614E-22	        9.351208E-19	       -2.551961E-21	       -1.044508E-21	       -3.928001E-20	       -1.418790E-24	        7.714453E-18	       -3.136535E-21	       -1.480122E-22	       -2.130679E-22	        3.010705E-24	       -9.965794E-31	       -1.692621E-23	       -2.303786E-31	       -3.787511E-24	       -4.423603E-18	       -3.237872E-20	       -3.138360E-20	       -1.830286E-27	       -6.726004E-22	       -8.718983E-20	       -4.758630E-23	       -4.604138E-20	       -6.984174E-21	       -2.608230E-17	       -1.016402E-16	       -1.159164E-16	       -6.620711E-20	       -2.353204E-26	       -9.443199E-28	       -8.976080E-20	       -1.784658E-17	       -1.015603E-17	       -7.088064E-26	        1.862800E-27	       -3.881103E-25	       -1.750433E-30	        1.454037E+03	       -6.851593E+05	        2.391544E-01	       -1.430518E+04	        2.190807E-04	        3.222830E-04	        8.545947E-04	        6.647919E-01
        5.204177E-03	        5.859506E-01	        0.000000E+00	        0.000000E+00	        6.610949E-38	        0.000000E+00	        0.000000E+00	        0.000000E+00	        1.443755E-10	        2.240087E-01	        2.558764E-07	        2.550157E-05	        7.439982E-08	        8.564777E-02	        0.000000E+00	        1.752120E-07	        5.763834E-09	        9.139990E-06	        1.043578E-01	        9.195567E-17	        1.727285E-29	        3.876949E-26	        1.374251E-23	        7.602339E-21	        5.409284E-18	        8.032571E-20	        5.817876E-23	        7.407526E-19	        4.782336E-18	        3.865792E-25	        6.736506E-21	        4.147241E-23	        1.789784E-24	        1.519860E-20	        5.482074E-23	        5.836948E-25	        1.138757E-21	        3.170119E-27	        2.514791E-18	        2.151207E-24	        1.808695E-24	        1.881442E-24	        8.103270E-31	        1.491544E-35	        8.343760E-26	        5.728665E-34	        1.851622E-26	        1.793596E-20	        5.243285E-22	        3.428377E-22	        6.891332E-31	        3.683579E-26	        2.047450E-21	        6.475315E-26	        2.516303E-23	        8.166081E-24	        5.348334E-21	        9.489688E-19	        7.434754E-18	        4.203285E-24	        2.033280E-30	        3.812668E-33	        6.767992E-24	        6.515042E-14	        2.315481E-15	        4.999121E-28	        4.992075E-32	        4.678085E-29	        2.044121E-14	        0.000000E+00	        0.000000E+00	        0.000000E+00	        0.000000E+00	        0.000000E+00	        0.000000E+00	        0.000000E+00	       -1.324177E-06	       -2.691902E-05	       -7.123497E-05	        1.914566E-04	       -8.190699E-06	       -9.075976E-05	        0.000000E+00	        8.886287E-06	       -5.588933E-07	       -7.721387E-06	        7.721387E-06	       -2.258667E-14	       -2.742596E-23	       -9.286260E-24	       -5.784918E-21	       -6.790332E-19	       -2.139249E-16	       -3.960779E-18	       -1.360125E-21	        3.415198E-18	       -1.101616E-17	        1.298417E-21	       -8.518163E-20	        9.709098E-21	       -1.453094E-23	        4.178713E-19	       -1.407601E-21	       -7.077406E-23	       -7.913069E-21	        1.012969E-25	        9.604790E-19	       -3.304027E-22	       -5.585362E-23	       -2.067216E-23	        4.914185E-25	       -1.393572E-32	       -3.453955E-24	       -2.549040E-32	       -3.498742E-25	       -1.500377E-18	       -2.062275E-21	       -4.412558E-21	       -7.349542E-29	       -1.804539E-23	       -1.838687E-20	       -5.886754E-24	        9.289653E-22	       -7.956662E-22	       -2.064906E-18	       -1.080716E-17	       -1.756246E-17	       -1.808697E-21	       -6.016764E-28	        3.911271E-29	       -1.440869E-21	       -5.010092E-19	       -2.883761E-19	       -8.305890E-27	        2.854243E-28	       -1.595417E-26	       -1.701417E-31	        1.451027E+03	       -6.854598E+05	        2.396555E-01	       -9.183287E+03	        5.577203E-05	        3.211555E-04	        1.027299E-04	        2.308953E-01
        5.478081E-03	        5.859832E-01	        0.000000E+00	        0.000000E+00	        6.445673E-38	        0.000000E+00	        0.000000E+00	        0.000000E+00	        4.893775E-11	        2.241352E-01	        8.673666E-08	        8.644781E-06	        2.522124E-08	        8.561619E-02	        0.000000E+00	        5.939014E-08	        1.953819E-09	        3.098453E-06	        1.042535E-01	        3.117164E-17	        6.799524E-29	        1.315677E-26	        4.660021E-24	        2.580042E-21	        1.833868E-18	        2.725963E-20	        1.972940E-23	        2.514951E-19	        1.623593E-18	        1.310972E-25	        2.286641E-21	        1.406981E-23	        6.071914E-25	        5.161284E-21	        1.860478E-23	        1.979875E-25	        3.865784E-22	        1.080389E-27	        8.543676E-19	        7.296819E-25	        6.137317E-25	        6.387439E-25	        2.748820E-31	        5.052446E-36	        3.436023E-26	        1.942097E-34	        6.280045E-27	        6.084602E-21	        1.779625E-22	        1.163419E-22	        2.335932E-31	        1.248491E-26	        6.949671E-22	        2.195564E-26	        8.533489E-24	        2.767619E-24	        1.813025E-21	        3.220444E-19	        2.523776E-18	        1.425379E-24	        6.892886E-31	        1.291524E-33	        2.293988E-24	        2.211538E-14	        7.861534E-16	        1.826836E-28	        1.767263E-32	        1.610802E-29	        6.930321E-15	        0.000000E+00	        0.000000E+00	        0.000000E+00	        0.000000E+00	        0.000000E+00	        0.000000E+00	        0.000000E+00	       -7.736625E-06	       -3.173156E-05	       -1.052813E-04	        2.610765E-04	        8.346766E-09	       -1.373034E-04	        0.000000E+00	        2.291445E-05	       -8.321045E-07	       -8.066243E-07	        8.066266E-07	       -2.379136E-12	       -1.083199E-22	       -6.497573E-22	       -5.332611E-19	       -4.160042E-19	        2.031528E-18	       -1.449250E-18	       -2.626007E-18	        3.108233E-18	       -1.230036E-18	       -2.235332E-19	       -4.140509E-21	       -1.723928E-18	       -3.252387E-20	        2.111221E-19	        1.117300E-20	       -9.389442E-21	       -8.567838E-22	       -2.754095E-23	        1.101882E-19	       -4.202395E-23	       -1.284607E-23	       -2.134621E-21	       -5.483041E-23	       -3.148675E-31	       -5.694323E-25	       -5.862287E-33	       -3.254955E-26	       -1.160271E-18	        1.057838E-21	       -9.027857E-22	       -1.457494E-26	       -2.562181E-22	       -2.250951E-21	       -1.854159E-24	       -1.135511E-18	       -2.570437E-22	       -1.364420E-18	       -1.305198E-18	       -4.645204E-18	       -7.053934E-21	       -2.096808E-26	       -1.861775E-26	       -1.632024E-19	       -5.729501E-20	       -3.314381E-20	       -1.147931E-27	       -7.014307E-28	       -6.436101E-27	       -1.885665E-32	        1.450000E+03	       -6.855635E+05	        2.398270E-01	       -1.533426E+04	        0.000000E+00	        3.207711E-04	        2.659874E-05	        1.175594E-01
