                   x	                  N2	                  AR	                IXCO	               IXCO2	               IXH2O	                IXH2	                IXN2	                   H	                  O2	                   O	                  OH	                  H2	                 H2O	                  HE	                 HO2	                H2O2	                  CO	                 CO2	                 HCO	                   C	                  CH	               TXCH2	                 CH3	                CH2O	                HCCO	                 C2H	               CH2CO	                C2H2	               SXCH2	               CH3OH	               CH2OH	                CH3O	                 CH4	               CH3O2	                C2H3	                C2H4	                C2H5	               HCCOH	              CH2CHO	              CH3CHO	                H2C2	               C2H5O	              NXC3H7	                C2H6	                C3H8	                C3H6	                C3H3	              PXC3H4	              AXC3H4	              SXC3H5	              NXC4H3	             C2H3CHO	              AXC3H5	                 C2O	                C4H4	                C3H2	               C3H2O	                C4H2	              IXC4H3	              TXC3H5	               C3H5O	                 C4H	                C8H2	                C6H2	                C4H6	              NXC4H5	              IXC4H5	             A1XC6H6	                 sN2	                 sAR	               sIXCO	              sIXCO2	              sIXH2O	               sIXH2	               sIXN2	                  sH	                 sO2	                  sO	                 sOH	                 sH2	                sH2O	                 sHE	                sHO2	               sH2O2	                 sCO	                sCO2	                sHCO	                  sC	                 sCH	              sTXCH2	                sCH3	               sCH2O	               sHCCO	                sC2H	              sCH2CO	               sC2H2	              sSXCH2	              sCH3OH	              sCH2OH	               sCH3O	                sCH4	              sCH3O2	               sC2H3	               sC2H4	               sC2H5	              sHCCOH	             sCH2CHO	             sCH3CHO	               sH2C2	              sC2H5O	             sNXC3H7	               sC2H6	               sC3H8	               sC3H6	               sC3H3	             sPXC3H4	             sAXC3H4	             sSXC3H5	             sNXC4H3	            sC2H3CHO	             sAXC3H5	                sC2O	               sC4H4	               sC3H2	              sC3H2O	               sC4H2	             sIXC4H3	             sTXC3H5	              sC3H5O	                sC4H	               sC8H2	               sC6H2	               sC4H6	             sNXC4H5	             sIXC4H5	            sA1XC6H6	                Temp	            Enthalpy	             Density	         HeatRelease	                   Z	                   D	                 chi	                grad
        0.000000E+00	        1.212639E-06	        1.200642E-17	        0.000000E+00	        0.000000E+00	        5.776232E-18	        3.403155E-17	        4.128257E-17	        0.000000E+00	        5.648341E-09	        0.000000E+00	        1.456724E-13	        2.571574E-08	        2.679997E-01	        0.000000E+00	        8.561840E-12	        1.694632E-13	        5.700040E-02	        7.200019E-02	        1.228715E-13	        0.000000E+00	        2.477430E-14	        0.000000E+00	        1.357551E-10	        2.891669E-10	        2.755263E-15	        2.420012E-14	        2.404694E-09	        5.159986E-01	        1.435297E-13	        5.194556E-11	        2.021285E-13	        1.937930E-16	        8.699974E-02	        4.757543E-14	        7.981316E-12	        5.261514E-09	        2.894658E-12	        9.059723E-10	        1.947028E-11	        2.513662E-11	        3.235528E-15	        5.139740E-22	        1.560884E-16	        2.005891E-09	        4.009612E-12	        1.894412E-09	        1.466930E-08	        1.936389E-08	        5.514243E-09	        6.003904E-11	        1.889982E-14	        2.222271E-10	        2.952824E-10	        5.798744E-14	        4.708590E-09	        7.931513E-10	        6.987971E-11	        8.893714E-09	        9.274900E-11	        6.050809E-13	        3.262729E-19	        4.757683E-16	        4.718104E-10	        1.561732E-09	        4.766648E-09	        5.065643E-10	        1.322981E-10	        6.712963E-15	        0.000000E+00	        0.000000E+00	        0.000000E+00	        0.000000E+00	        0.000000E+00	        0.000000E+00	        0.000000E+00	        4.815609E-06	        2.506985E-11	        3.633017E-08	        1.185667E-06	        1.178458E-08	       -1.862092E-06	        0.000000E+00	       -1.589638E-11	        2.911997E-13	        5.890550E-09	       -2.808547E-08	       -5.744701E-11	        2.043157E-15	       -1.080763E-07	        5.690461E-07	        1.492565E-06	        7.185881E-08	       -1.253325E-08	       -1.810155E-07	        7.014862E-10	       -5.175765E-06	       -7.263655E-06	        6.275192E-07	        2.866995E-09	        6.399432E-12	       -2.800790E-07	       -1.089809E-11	       -5.545481E-08	        7.721579E-08	       -2.217847E-11	        1.066592E-11	       -2.032561E-11	        7.182269E-14	        2.224394E-07	       -1.406687E-15	       -5.899669E-14	        1.584557E-12	        2.636074E-15	        3.837452E-08	        4.662891E-06	        1.448857E-08	        1.129717E-10	       -1.587640E-11	        1.808686E-07	        5.218423E-13	        9.042256E-13	        2.503431E-11	        5.715567E-08	       -1.909988E-11	       -1.910270E-14	        3.447028E-12	        5.867778E-13	       -7.746052E-12	       -4.170397E-15	       -1.814539E-09	        2.086770E-16	        1.814500E-09	        1.337332E-08	        3.193275E-10	        2.641011E-10	        2.035880E-19	        8.000000E+02	        6.754002E+05	        3.478893E-01	        7.757186E+02	        1.000000E+00	        1.070659E-04	        1.001931E-06	        3.949277E-02
        1.218318E-04	        6.096049E-06	        1.200632E-17	        0.000000E+00	        0.000000E+00	        5.776193E-18	        3.403133E-17	        4.128223E-17	        2.176430E-14	        2.839474E-08	        0.000000E+00	        7.323088E-13	        1.292755E-07	        2.679985E-01	        0.000000E+00	        4.303338E-11	        1.077221E-12	        5.700203E-02	        7.200095E-02	        6.202628E-13	        0.000000E+00	        5.432216E-18	        0.000000E+00	        6.823479E-10	        1.453669E-09	        1.347443E-14	        2.938153E-18	        1.208862E-08	        5.159932E-01	        1.545589E-18	        2.610957E-10	        3.217829E-13	        5.558232E-17	        8.699872E-02	        2.391659E-13	        4.012281E-11	        2.645011E-08	        1.434507E-11	        4.554370E-09	        9.787897E-11	        1.260576E-10	        1.589186E-14	        2.583798E-21	        7.861661E-16	        1.008416E-08	        1.997034E-11	        9.523381E-09	        7.374390E-08	        9.734420E-08	        2.772111E-08	        3.018218E-10	        9.501112E-14	        1.118247E-09	        1.484642E-09	        4.010154E-13	        2.367051E-08	        3.987362E-09	        3.514126E-10	        4.470955E-08	        4.662153E-10	        3.041797E-12	        1.640204E-18	        3.167625E-20	        2.371832E-09	        7.850968E-09	        2.396238E-08	        2.546545E-09	        6.650718E-10	        3.374635E-14	        0.000000E+00	        0.000000E+00	        0.000000E+00	        0.000000E+00	        0.000000E+00	        0.000000E+00	        0.000000E+00	        1.748394E-10	        1.017603E-10	        4.681072E-11	        5.087503E-14	        5.154641E-10	       -1.147562E-08	        0.000000E+00	       -7.992808E-11	        1.462171E-12	        2.413349E-09	        1.438793E-09	       -2.830894E-10	        1.024529E-14	       -2.369672E-11	        7.891011E-11	       -1.788380E-09	        1.504080E-11	       -2.519138E-11	       -1.204196E-11	        6.526140E-09	       -9.891286E-07	       -1.274536E-10	        6.840462E-12	       -7.150392E-12	       -1.182975E-13	       -2.607828E-07	       -5.382735E-11	       -2.097124E-10	        1.147681E-08	       -1.097149E-10	        5.361962E-11	       -1.021625E-10	        1.811288E-12	        6.050672E-12	       -2.859210E-18	       -2.863542E-13	        1.423455E-11	        6.496155E-14	        1.929195E-07	        1.075496E-10	        7.283210E-08	        5.685883E-10	       -1.576974E-10	       -1.755581E-12	        1.314158E-11	        1.287626E-11	       -1.605873E-14	        2.807831E-07	       -9.899288E-11	        2.882469E-14	        1.711250E-11	       -4.250831E-11	       -3.894823E-11	       -1.438195E-15	       -1.208046E-13	        1.248834E-19	        1.208026E-13	        6.725340E-08	        1.576835E-09	        1.328100E-09	        5.145248E-18	        8.000132E+02	        6.753886E+05	        3.478839E-01	        9.732398E+01	        9.999917E-01	        1.070694E-04	        8.907502E-06	        1.177524E-01
        2.436636E-04	        3.033357E-05	        1.200583E-17	        1.274653E-26	        0.000000E+00	        5.775974E-18	        3.403001E-17	        4.128052E-17	        1.093430E-13	        1.412893E-07	        5.267443E-16	        3.643580E-12	        6.432666E-07	        2.679925E-01	        0.000000E+00	        2.151750E-10	        5.562825E-12	        5.701008E-02	        7.200472E-02	        6.362168E-12	        0.000000E+00	        1.150928E-21	        1.793088E-14	        3.405929E-09	        7.233188E-09	        4.785108E-13	        6.618303E-18	        6.004292E-08	        5.159661E-01	        2.574976E-18	        1.299070E-09	        1.004077E-12	        8.324587E-16	        8.699362E-02	        2.198844E-12	        2.019081E-10	        1.314859E-07	        7.244668E-11	        2.266134E-08	        4.887923E-10	        6.269205E-10	        1.593177E-14	        6.424511E-20	        8.829891E-15	        5.017834E-08	        9.918611E-11	        4.415297E-08	        3.669436E-07	        4.832164E-07	        1.379300E-07	        1.504428E-09	        5.084935E-13	        5.565115E-09	        7.387508E-09	        2.103801E-12	        1.119567E-07	        1.984249E-08	        1.748727E-09	        2.224718E-07	        2.320683E-09	        1.577322E-11	        4.086816E-17	        7.629974E-24	        1.180209E-08	        3.906595E-08	        1.177858E-07	        1.263810E-08	        3.281263E-09	        1.679193E-13	        0.000000E+00	        0.000000E+00	        0.000000E+00	        0.000000E+00	        0.000000E+00	        0.000000E+00	        0.000000E+00	       -2.526286E-11	        1.411133E-10	       -1.382053E-12	       -2.897540E-12	        2.386731E-09	       -5.702717E-08	        0.000000E+00	       -4.001337E-10	        7.322435E-12	        1.420057E-08	        7.160191E-09	       -2.719826E-09	        5.039946E-14	       -4.996844E-15	       -4.399659E-11	       -1.192745E-08	        3.594870E-11	       -3.252774E-10	       -7.940581E-16	        3.286132E-08	       -2.724468E-06	       -8.482139E-15	        1.170039E-11	       -2.235598E-11	       -1.014173E-12	       -1.299298E-06	       -4.765649E-10	       -2.016760E-09	        5.768752E-08	       -5.489883E-10	        2.668658E-10	       -5.097592E-10	        4.507221E-11	        4.970532E-17	       -6.305271E-17	       -3.046692E-12	        2.290194E-10	        1.634917E-12	        9.617874E-07	        3.739549E-10	        3.637352E-07	        2.856126E-09	        2.699917E-10	       -7.749087E-11	        3.246410E-10	        2.690314E-10	       -5.619154E-13	        2.920897E-07	       -5.659842E-10	        2.940701E-13	        8.581891E-11	       -2.667863E-10	       -2.026018E-10	       -3.136940E-14	       -7.739961E-18	        1.365649E-18	        1.377162E-17	        3.343645E-07	        1.221770E-08	        6.611493E-09	        1.285291E-16	        8.000785E+02	        6.753310E+05	        3.478567E-01	        3.040807E+02	        9.999503E-01	        1.070863E-04	        2.055476E-04	        5.656056E-01
        3.654954E-04	        1.459740E-04	        1.200346E-17	        6.495686E-26	        0.000000E+00	        5.774906E-18	        3.402351E-17	        4.127235E-17	        5.373359E-13	        6.799220E-07	        1.212118E-14	        1.755326E-11	        3.095584E-06	        2.679641E-01	        0.000000E+00	        1.041746E-09	        2.686503E-11	        5.704852E-02	        7.202273E-02	        6.519334E-11	        0.000000E+00	        2.523265E-22	        3.817011E-13	        1.647190E-08	        3.480760E-08	        8.012960E-12	        3.209347E-17	        2.882890E-07	        5.158367E-01	        5.495655E-17	        6.251235E-09	        4.535732E-12	        1.707525E-14	        8.696928E-02	        2.047644E-11	        9.955314E-10	        6.319808E-07	        3.560119E-10	        1.090476E-07	        2.362631E-09	        3.015812E-09	        1.612182E-14	        1.492164E-18	        9.949660E-14	        2.414702E-07	        4.771062E-10	        1.932547E-07	        1.765832E-06	        2.318459E-06	        6.637056E-07	        7.237803E-09	        4.057485E-12	        2.677446E-08	        3.554645E-08	        1.023697E-11	        5.271233E-07	        9.549798E-08	        8.415491E-09	        1.070597E-06	        1.117402E-08	        7.983102E-11	        9.411309E-16	        1.330872E-22	        5.679510E-08	        1.879967E-07	        5.582258E-07	        6.052793E-08	        1.562366E-08	        8.080721E-13	        0.000000E+00	        0.000000E+00	        0.000000E+00	        0.000000E+00	        0.000000E+00	        0.000000E+00	        0.000000E+00	       -2.505380E-10	       -1.073400E-08	       -1.581488E-11	       -2.349247E-11	        7.097044E-09	       -2.747432E-07	        0.000000E+00	       -1.934266E-09	        3.574932E-11	        9.811032E-08	        3.449709E-08	       -2.386420E-08	        2.312944E-13	       -1.890951E-18	       -6.166798E-10	       -9.712866E-08	        4.151194E-10	       -4.475070E-09	       -2.523754E-16	        1.614772E-07	       -1.112177E-05	       -8.942928E-14	        2.457253E-10	       -1.001504E-10	       -1.423470E-11	       -6.258322E-06	       -4.048558E-09	       -2.234374E-08	        2.847389E-07	       -2.581391E-09	        1.287525E-09	       -2.451330E-09	        1.050558E-09	       -1.293167E-15	       -6.932304E-16	       -3.078807E-11	        4.764561E-09	        3.880870E-11	        4.631309E-06	       -3.585431E-10	        1.763705E-06	        1.437924E-08	        1.596319E-08	       -7.732601E-10	        7.479189E-09	        5.962887E-09	       -1.314535E-11	        3.480657E-07	       -4.415190E-09	        3.385929E-12	        4.295382E-10	       -1.572066E-09	       -1.041137E-09	       -3.686760E-13	       -6.220919E-20	        3.183967E-17	        1.384463E-16	        1.615256E-06	        9.475394E-08	        3.195778E-08	        3.038539E-15	        8.003900E+02	        6.750564E+05	        3.477273E-01	        1.313250E+03	        9.997530E-01	        1.071671E-04	        4.177716E-03	        2.548960E+00
        4.264113E-04	        3.534543E-04	        1.199920E-17	        1.460430E-25	        0.000000E+00	        5.772962E-18	        3.401169E-17	        4.125770E-17	        1.342930E-12	        1.646380E-06	        7.071347E-14	        4.256945E-11	        7.495492E-06	        2.679131E-01	        0.000000E+00	        2.534296E-09	        6.490363E-11	        5.711747E-02	        7.205504E-02	        2.741090E-10	        0.000000E+00	        2.314514E-21	        2.325500E-12	        4.013262E-08	        8.427935E-08	        4.893652E-11	        7.874560E-17	        6.967914E-07	        5.156046E-01	        3.362967E-16	        1.513516E-08	        1.133609E-11	        1.121553E-13	        8.692564E-02	        8.169140E-11	        2.509636E-09	        1.528769E-06	        8.759781E-10	        2.640325E-07	        5.740394E-09	        7.295019E-09	        1.646819E-14	        8.730623E-18	        4.601825E-13	        5.846620E-07	        1.154909E-09	        4.316814E-07	        4.275699E-06	        5.600676E-06	        1.606958E-06	        1.742668E-08	        1.631916E-11	        6.476535E-08	        8.603226E-08	        2.490791E-11	        1.269304E-06	        2.312630E-07	        2.037687E-08	        2.592287E-06	        2.707052E-08	        2.011453E-10	        5.697027E-15	        8.126807E-22	        1.375209E-07	        4.552060E-07	        1.335415E-06	        1.457004E-07	        3.751500E-08	        1.956589E-12	        0.000000E+00	        0.000000E+00	        0.000000E+00	        0.000000E+00	        0.000000E+00	        0.000000E+00	        0.000000E+00	       -1.664303E-09	       -7.764251E-08	       -1.421893E-10	       -3.606253E-10	       -2.008578E-09	       -6.661487E-07	        0.000000E+00	       -4.575501E-09	        8.828364E-11	        3.566013E-07	        8.366801E-08	       -9.149372E-08	        5.204045E-13	       -1.557562E-17	       -5.002264E-09	       -4.290404E-07	        2.197729E-09	       -2.832246E-08	       -2.516696E-15	        4.066465E-07	       -2.664649E-05	       -7.403397E-13	        1.495496E-09	       -2.476046E-10	       -1.141426E-10	       -1.513109E-05	       -1.504702E-08	       -1.256819E-07	        7.190574E-07	       -5.850402E-09	        3.130320E-09	       -5.866373E-09	        6.181399E-09	       -1.285372E-14	       -6.175367E-15	       -1.352140E-10	        2.771554E-08	        2.323890E-10	        1.116903E-05	       -8.193555E-09	        4.318322E-06	        3.868841E-08	        1.420445E-07	       -3.481851E-09	        4.352147E-08	        3.444518E-08	       -7.733596E-11	        4.573038E-07	       -1.808955E-08	        1.974761E-11	        1.105033E-09	       -4.880662E-09	       -2.695415E-09	       -3.281384E-12	       -6.373362E-19	        1.888743E-16	        8.008424E-16	        3.948854E-06	        3.669464E-07	        7.805552E-08	        1.847571E-14	        8.009490E+02	        6.745640E+05	        3.474952E-01	        3.216695E+03	        9.993989E-01	        1.073123E-04	        2.373311E-02	        6.071235E+00
        4.873272E-04	        8.967020E-04	        1.198807E-17	        3.419033E-25	        0.000000E+00	        5.767824E-18	        3.398057E-17	        4.121933E-17	        3.618859E-12	        4.177114E-06	        4.501467E-13	        1.086787E-10	        1.901582E-05	        2.677795E-01	        0.000000E+00	        6.457254E-09	        1.642022E-10	        5.729802E-02	        7.213963E-02	        1.084820E-09	        0.000000E+00	        2.784919E-20	        1.438428E-11	        1.027244E-07	        2.138052E-07	        2.715070E-10	        2.071593E-16	        1.764680E-06	        5.149970E-01	        2.104611E-15	        3.839127E-08	        2.990476E-11	        7.129440E-13	        8.681141E-02	        3.122641E-10	        6.811653E-09	        3.874835E-06	        2.254298E-09	        6.698179E-07	        1.460950E-08	        1.847226E-08	        1.740898E-14	        5.536820E-17	        1.983261E-12	        1.483161E-06	        2.928590E-09	        1.009273E-06	        1.084734E-05	        1.417735E-05	        4.076532E-06	        4.352482E-08	        6.608511E-11	        1.639949E-07	        2.180792E-07	        6.362839E-11	        3.210196E-06	        5.868063E-07	        5.169537E-08	        6.576538E-06	        6.871725E-08	        5.297799E-10	        3.675072E-14	        5.695541E-21	        3.488860E-07	        1.154843E-06	        3.349123E-06	        3.667735E-07	        9.442175E-08	        4.963620E-12	        0.000000E+00	        0.000000E+00	        0.000000E+00	        0.000000E+00	        0.000000E+00	        0.000000E+00	        0.000000E+00	       -9.493880E-09	       -5.606274E-07	       -8.710667E-10	       -2.716596E-09	       -1.341383E-07	       -1.699392E-06	        0.000000E+00	       -1.001067E-08	        2.338321E-10	        1.488434E-06	        2.136876E-07	       -2.926791E-07	        1.092062E-12	       -2.280290E-16	       -2.803366E-08	       -2.062626E-06	        1.376007E-08	       -1.403495E-07	       -1.739321E-14	        1.127503E-06	       -6.905472E-05	       -4.352235E-12	        9.285077E-09	       -6.417485E-10	       -6.412969E-10	       -3.821404E-05	       -4.899002E-08	       -6.106005E-07	        1.960712E-06	       -1.173003E-08	        8.041562E-09	       -1.399285E-08	        3.958948E-08	       -8.771316E-14	       -3.628928E-14	       -5.119008E-10	        1.796409E-07	        1.526459E-09	        2.801586E-05	       -1.340073E-07	        1.120363E-05	        1.310355E-07	        7.793045E-07	       -1.483105E-08	        2.764247E-07	        2.182240E-07	       -4.994004E-10	        7.962706E-07	       -9.534912E-08	        1.774532E-10	        3.123024E-09	       -1.932830E-08	       -7.588949E-09	       -1.901285E-11	       -5.195934E-18	        1.255838E-15	        5.068086E-15	        1.034529E-05	        1.382980E-06	        2.037826E-07	        1.269037E-13	        8.024139E+02	        6.732769E+05	        3.468887E-01	        8.647340E+03	        9.984718E-01	        1.076929E-04	        1.519324E-01	        1.533402E+01
        5.482431E-04	        2.249556E-03	        1.196035E-17	        8.175926E-25	        0.000000E+00	        5.754935E-18	        3.390298E-17	        4.112381E-17	        1.023285E-11	        1.048119E-05	        2.773295E-12	        2.778793E-10	        4.770499E-05	        2.674467E-01	        0.000000E+00	        1.625930E-08	        4.106998E-10	        5.774764E-02	        7.235029E-02	        3.943472E-09	        0.000000E+00	        3.849830E-19	        8.329441E-11	        2.616634E-07	        5.363234E-07	        1.395132E-09	        5.700344E-16	        4.419363E-06	        5.134842E-01	        1.254545E-14	        9.627671E-08	        7.811563E-11	        4.176887E-12	        8.652698E-02	        1.114281E-09	        1.915783E-08	        9.711821E-06	        5.720445E-09	        1.680315E-06	        3.675587E-08	        4.613459E-08	        1.997970E-14	        3.334431E-16	        7.957089E-12	        3.720167E-06	        7.338945E-09	        2.331089E-06	        2.721326E-05	        3.549153E-05	        1.022601E-05	        1.053524E-07	        2.649040E-10	        4.095748E-07	        5.460305E-07	        1.620304E-10	        8.039515E-06	        1.472577E-06	        1.296871E-07	        1.649853E-05	        1.725280E-07	        1.379000E-09	        2.213733E-13	        4.305561E-20	        8.752501E-07	        2.897154E-06	        8.308543E-06	        9.100547E-07	        2.350675E-07	        1.245107E-11	        0.000000E+00	        0.000000E+00	        0.000000E+00	        0.000000E+00	        0.000000E+00	        0.000000E+00	        0.000000E+00	       -5.260489E-08	       -3.696877E-06	       -4.592452E-09	       -1.687417E-08	       -1.149869E-06	       -4.335181E-06	        0.000000E+00	       -8.595520E-09	        6.465789E-10	        6.768246E-06	        5.473068E-07	       -7.146741E-07	        1.506703E-12	       -3.288996E-15	       -1.262531E-07	       -1.019432E-05	        8.979603E-08	       -5.887370E-07	       -1.148684E-13	        3.382690E-06	       -1.836441E-04	       -2.208107E-11	        5.434536E-08	       -1.637835E-09	       -2.818309E-09	       -9.500317E-05	       -1.245844E-07	       -2.678189E-06	        5.580592E-06	       -9.048881E-09	        2.084645E-08	       -2.527047E-08	        2.428995E-07	       -5.798768E-13	       -1.695287E-13	       -1.622219E-09	        1.154780E-06	        9.799531E-09	        6.856000E-05	       -1.397189E-06	        2.956237E-05	        5.945728E-07	        3.496798E-06	       -5.991405E-08	        1.696193E-06	        1.343117E-06	       -3.162402E-09	        1.985490E-06	       -5.512466E-07	        2.218837E-09	        8.848009E-09	       -9.032079E-08	       -2.274957E-08	       -8.088128E-11	       -4.850395E-17	        8.590734E-15	        3.113611E-14	        2.822313E-05	        4.871110E-06	        5.528019E-07	        8.973426E-13	        8.060691E+02	        6.700851E+05	        3.453847E-01	        2.476201E+04	        9.961631E-01	        1.086451E-04	        8.686538E-01	        3.650418E+01
        6.091590E-04	        5.410563E-03	        1.189557E-17	        1.905607E-24	        0.000000E+00	        5.724628E-18	        3.372168E-17	        4.090072E-17	        3.087446E-11	        2.522254E-05	        1.539108E-11	        7.013003E-10	        1.147388E-04	        2.666693E-01	        0.000000E+00	        3.918999E-08	        9.845016E-10	        5.879817E-02	        7.284250E-02	        1.265173E-08	        7.745299E-15	        5.409457E-18	        4.175619E-10	        6.480265E-07	        1.289639E-06	        6.383695E-09	        1.699432E-15	        1.060825E-05	        5.099498E-01	        6.725334E-14	        2.313584E-07	        1.957353E-10	        2.082729E-11	        8.586256E-02	        3.561487E-09	        5.509162E-08	        2.333490E-05	        1.384499E-08	        4.041303E-06	        8.860832E-08	        1.097221E-07	        2.747043E-14	        1.731851E-15	        2.875366E-11	        8.943640E-06	        1.760167E-08	        5.137320E-06	        6.545835E-05	        8.517725E-05	        2.459223E-05	        2.357645E-07	        1.028789E-09	        9.740804E-07	        1.306907E-06	        4.043333E-10	        1.931333E-05	        3.544274E-06	        3.119067E-07	        3.968170E-05	        4.155380E-07	        3.454657E-09	        1.104356E-12	        3.631797E-19	        2.105125E-06	        6.968145E-06	        1.974711E-05	        2.154160E-06	        5.608220E-07	        2.993899E-11	        0.000000E+00	        0.000000E+00	        0.000000E+00	        0.000000E+00	        0.000000E+00	        0.000000E+00	        0.000000E+00	       -2.032860E-07	       -2.135810E-05	       -1.450781E-08	       -6.200519E-08	       -7.431664E-06	       -1.089632E-05	        0.000000E+00	        1.091436E-07	        1.913272E-09	        3.146058E-05	        1.390473E-06	       -1.039133E-06	       -2.578308E-12	       -2.494789E-14	       -3.693415E-07	       -4.867470E-05	        5.680363E-07	       -1.930077E-06	       -4.911404E-13	        1.093407E-05	       -4.938882E-04	       -7.642683E-11	        2.791481E-07	       -4.017607E-09	       -7.729298E-09	       -2.256543E-04	       -1.640918E-07	       -1.017685E-05	        1.651925E-05	        9.381080E-08	        5.391884E-08	        3.442049E-08	        1.313301E-06	       -2.474855E-12	       -4.335892E-13	       -3.760738E-09	        6.968136E-06	        5.779397E-08	        1.575837E-04	       -1.130973E-05	        7.959429E-05	        3.272128E-06	        1.210833E-05	       -2.206573E-07	        9.342731E-06	        7.494951E-06	       -1.859961E-08	        6.853941E-06	       -3.107769E-06	        2.766414E-08	        1.586063E-08	       -4.331848E-07	       -7.205836E-08	       -1.612059E-10	       -3.071363E-16	        6.033052E-14	        1.676203E-13	        8.149973E-05	        1.503902E-05	        1.606426E-06	        6.299630E-12	        8.146495E+02	        6.626984E+05	        3.419064E-01	        7.605625E+04	        9.907687E-01	        1.108939E-04	        4.385590E+00	        8.118663E+01
        6.396169E-04	        8.384933E-03	        1.183461E-17	        2.890558E-24	        0.000000E+00	        5.695981E-18	        3.355103E-17	        4.069088E-17	        5.774293E-11	        3.911834E-05	        3.569984E-11	        1.138037E-09	        1.778153E-04	        2.659378E-01	        0.000000E+00	        6.063588E-08	        1.522060E-09	        5.978664E-02	        7.330564E-02	        2.194145E-08	        2.625747E-14	        2.194456E-17	        9.203335E-10	        1.038168E-06	        1.997856E-06	        1.395502E-08	        3.209366E-15	        1.641501E-05	        5.066246E-01	        1.577293E-13	        3.581394E-07	        3.109405E-10	        4.521023E-11	        8.523750E-02	        6.144623E-09	        9.890458E-08	        3.613678E-05	        2.139077E-08	        6.262807E-06	        1.373454E-07	        1.674530E-07	        3.687076E-14	        3.759741E-15	        5.421022E-11	        1.385109E-05	        2.716585E-08	        7.536917E-06	        1.014614E-04	        1.318135E-04	        3.810545E-05	        3.404065E-07	        2.157010E-09	        1.486224E-06	        2.011674E-06	        6.593763E-10	        2.990853E-05	        5.497947E-06	        4.833132E-07	        6.149602E-05	        6.450036E-07	        5.515298E-09	        2.269504E-12	        1.212223E-18	        3.262383E-06	        1.079877E-05	        3.035012E-05	        3.295801E-06	        8.642443E-07	        4.637649E-11	        0.000000E+00	        0.000000E+00	        0.000000E+00	        0.000000E+00	        0.000000E+00	        0.000000E+00	        0.000000E+00	       -6.413104E-07	       -5.031107E-05	       -3.697092E-08	       -1.860264E-07	       -1.849398E-05	       -1.754475E-05	        0.000000E+00	        3.887197E-07	        3.538794E-09	        6.975583E-05	        2.275152E-06	       -7.808590E-07	       -1.337482E-11	       -1.399048E-13	       -7.255497E-07	       -1.156691E-04	        1.488780E-06	       -3.690869E-06	       -1.871553E-12	        2.085917E-05	       -8.477606E-04	       -2.014804E-10	        6.286423E-07	       -6.284900E-09	       -1.194016E-08	       -3.462044E-04	       -5.872655E-09	       -2.336310E-05	        3.048525E-05	        3.184659E-07	        8.869858E-08	        2.744113E-07	        2.937450E-06	       -9.789192E-12	       -7.559646E-13	       -4.845281E-09	        1.760646E-05	        1.408277E-07	        2.336887E-04	       -3.074864E-05	        1.375219E-04	        8.048060E-06	        2.655231E-05	       -4.369014E-07	        2.147312E-05	        1.748565E-05	       -4.614001E-08	        1.447922E-05	       -7.508917E-06	        9.691477E-08	       -6.082968E-09	       -9.481016E-07	       -1.329444E-07	       -1.164167E-10	       -1.772354E-15	        1.731606E-13	        3.447107E-13	        1.471443E-04	        3.030065E-05	        2.967158E-06	        1.781369E-11	        8.227475E+02	        6.557748E+05	        3.386898E-01	        1.430506E+05	        9.856929E-01	        1.130340E-04	        1.006575E+01	        1.218268E+02
        6.700749E-04	        1.294270E-02	        1.174121E-17	        4.333804E-24	        0.000000E+00	        5.651957E-18	        3.328949E-17	        4.036942E-17	        1.143423E-10	        6.044997E-05	        8.093899E-11	        1.882772E-09	        2.744713E-04	        2.648168E-01	        0.000000E+00	        9.319226E-08	        2.342913E-09	        6.130128E-02	        7.401534E-02	        3.671728E-08	        5.845915E-14	        9.076610E-17	        1.933633E-09	        1.677503E-06	        3.082024E-06	        2.917084E-08	        6.642017E-15	        2.529208E-05	        5.015297E-01	        3.639170E-13	        5.519314E-07	        4.921298E-10	        9.141654E-11	        8.427982E-02	        1.010948E-08	        1.811209E-07	        5.573332E-05	        3.273266E-08	        9.666837E-06	        2.117457E-07	        2.528287E-07	        5.737420E-14	        7.682686E-15	        9.820098E-11	        2.135837E-05	        4.167330E-08	        1.097925E-05	        1.566592E-04	        2.031449E-04	        5.880472E-05	        4.747279E-07	        4.418300E-09	        2.242276E-06	        3.074482E-06	        1.094259E-09	        4.612608E-05	        8.498474E-06	        7.458425E-07	        9.492316E-05	        9.977802E-07	        8.803229E-09	        4.213485E-12	        4.589204E-18	        5.035706E-06	        1.666862E-05	        4.640768E-05	        5.006808E-06	        1.325434E-06	        7.153125E-11	        0.000000E+00	        0.000000E+00	        0.000000E+00	        0.000000E+00	        0.000000E+00	        0.000000E+00	        0.000000E+00	       -1.426667E-06	       -1.157475E-04	       -6.228447E-08	       -3.840404E-07	       -4.575525E-05	       -2.877577E-05	        0.000000E+00	        1.142037E-06	        7.009814E-09	        1.537947E-04	        3.820302E-06	        2.975226E-07	       -4.506930E-11	       -4.362684E-13	       -1.086167E-06	       -2.686229E-04	        3.906661E-06	       -6.104448E-06	       -4.642779E-12	        4.068890E-05	       -1.492138E-03	       -3.888441E-10	        1.362897E-06	       -9.667015E-09	       -1.117180E-08	       -5.304666E-04	        5.193485E-07	       -5.105835E-05	        5.824207E-05	        8.983526E-07	        1.476731E-07	        1.108385E-06	        6.295422E-06	       -2.449223E-11	       -7.808150E-13	       -3.885571E-09	        4.479813E-05	        3.396520E-07	        3.404238E-04	       -8.239222E-05	        2.476592E-04	        1.965119E-05	        4.926962E-05	       -8.154633E-07	        4.804886E-05	        4.006515E-05	       -1.149076E-07	        3.260854E-05	       -1.812000E-05	        3.286230E-07	       -1.518137E-07	       -2.006580E-06	       -2.440358E-07	        2.000020E-10	       -6.053729E-15	        5.370811E-13	        4.270027E-13	        2.789744E-04	        5.939608E-05	        5.967283E-06	        5.182075E-11	        8.352263E+02	        6.452699E+05	        3.338540E-01	        2.792583E+05	        9.779149E-01	        1.163649E-04	        2.351316E+01	        1.835139E+02
        6.853039E-04	        1.605803E-02	        1.167737E-17	        5.282884E-24	        0.000000E+00	        5.621813E-18	        3.311060E-17	        4.014972E-17	        1.657750E-10	        7.506337E-05	        1.206948E-10	        2.449700E-09	        3.405384E-04	        2.640507E-01	        0.000000E+00	        1.151111E-07	        2.901869E-09	        6.233653E-02	        7.450043E-02	        4.674033E-08	        8.526775E-14	        1.881703E-16	        2.761276E-09	        2.150296E-06	        3.822035E-06	        4.179094E-08	        1.001926E-14	        3.134456E-05	        4.980476E-01	        5.533077E-13	        6.840049E-07	        6.186351E-10	        1.260723E-10	        8.362530E-02	        1.260304E-08	        2.495564E-07	        6.911345E-05	        4.025367E-08	        1.199350E-05	        2.621768E-07	        3.087267E-07	        7.705639E-14	        1.067730E-14	        1.297534E-10	        2.647781E-05	        5.145668E-08	        1.320519E-05	        1.944165E-04	        2.518134E-04	        7.294609E-05	        5.486037E-07	        6.333023E-09	        2.735177E-06	        3.786348E-06	        1.432268E-09	        5.719603E-05	        1.055550E-05	        9.251289E-07	        1.177713E-04	        1.239818E-06	        1.113943E-08	        5.441071E-12	        9.531402E-18	        6.247807E-06	        2.068078E-05	        5.724958E-05	        6.148369E-06	        1.637859E-06	        8.868914E-11	        0.000000E+00	        0.000000E+00	        0.000000E+00	        0.000000E+00	        0.000000E+00	        0.000000E+00	        0.000000E+00	       -2.742166E-06	       -1.738357E-04	       -9.332052E-08	       -6.745047E-07	       -7.196612E-05	       -3.710368E-05	        0.000000E+00	        1.874204E-06	        1.018301E-08	        2.274227E-04	        5.024845E-06	        1.430309E-06	       -8.050286E-11	       -1.116072E-12	       -1.308930E-06	       -4.156847E-04	        6.378991E-06	       -7.616300E-06	       -1.037147E-11	        5.737736E-05	       -2.015314E-03	       -6.549571E-10	        1.986038E-06	       -1.174446E-08	       -5.130290E-09	       -6.566305E-04	        1.057747E-06	       -7.924046E-05	        8.257110E-05	        1.463043E-06	        1.908724E-07	        2.113425E-06	        9.005364E-06	       -5.699048E-11	       -4.476321E-13	       -1.072405E-09	        7.222961E-05	        5.261200E-07	        4.062091E-04	       -1.339389E-04	        3.399980E-04	        3.049066E-05	        6.829548E-05	       -1.102172E-06	        7.092357E-05	        6.014673E-05	       -1.831113E-07	        5.007208E-05	       -2.821813E-05	        5.959154E-07	       -3.770044E-07	       -2.849349E-06	       -3.265352E-07	        6.673551E-10	       -1.796546E-14	        9.851113E-13	       -3.775928E-14	        3.922020E-04	        8.849775E-05	        8.816967E-06	        9.039338E-11	        8.437659E+02	        6.380704E+05	        3.306271E-01	        3.976843E+05	        9.725985E-01	        1.186681E-04	        3.583083E+01	        2.243292E+02
        7.005328E-04	        1.987746E-02	        1.159910E-17	        6.401589E-24	        0.000000E+00	        5.584810E-18	        3.289113E-17	        3.988038E-17	        2.449678E-10	        9.301210E-05	        1.781535E-10	        3.211726E-09	        4.215385E-04	        2.631113E-01	        0.000000E+00	        1.416228E-07	        3.585136E-09	        6.360572E-02	        7.509516E-02	        5.878647E-08	        1.237801E-13	        3.924397E-16	        3.883155E-09	        2.766430E-06	        4.728181E-06	        5.908752E-08	        1.567634E-14	        3.875092E-05	        4.937788E-01	        8.392630E-13	        8.455576E-07	        7.758602E-10	        1.694902E-10	        8.282291E-02	        1.536979E-08	        3.459697E-07	        8.550417E-05	        4.922635E-08	        1.484598E-05	        3.234752E-07	        3.749426E-07	        1.098668E-13	        1.446736E-14	        1.687069E-10	        3.274163E-05	        6.331582E-08	        1.583444E-05	        2.407380E-04	        3.114022E-04	        9.027649E-05	        6.228020E-07	        9.009068E-09	        3.316271E-06	        4.644685E-06	        1.889450E-09	        7.075274E-05	        1.308372E-05	        1.144749E-06	        1.457836E-04	        1.537410E-06	        1.408194E-08	        6.723778E-12	        2.073805E-17	        7.733861E-06	        2.559975E-05	        7.041809E-05	        7.520518E-06	        2.018164E-06	        1.096838E-10	        0.000000E+00	        0.000000E+00	        0.000000E+00	        0.000000E+00	        0.000000E+00	        0.000000E+00	        0.000000E+00	       -4.819824E-06	       -2.584121E-04	       -1.252115E-07	       -1.100460E-06	       -1.131223E-04	       -4.816675E-05	        0.000000E+00	        3.001422E-06	        1.514287E-08	        3.339517E-04	        6.677085E-06	        3.060569E-06	       -1.423745E-10	       -2.412375E-12	       -1.474779E-06	       -6.414457E-04	        1.039869E-05	       -9.047171E-06	       -2.071518E-11	        8.109663E-05	       -2.746030E-03	       -1.013192E-09	        2.859671E-06	       -1.398195E-08	        6.198515E-09	       -8.135367E-04	        1.810110E-06	       -1.234900E-04	        1.185019E-04	        2.331067E-06	        2.453386E-07	        3.903574E-06	        1.263405E-05	       -1.169389E-10	        1.540594E-13	        4.307594E-09	        1.166413E-04	        8.096652E-07	        4.808582E-04	       -2.161037E-04	        4.734668E-04	        4.691618E-05	        9.047033E-05	       -1.467422E-06	        1.033418E-04	        8.948786E-05	       -2.922402E-07	        7.772387E-05	       -4.383913E-05	        1.063053E-06	       -8.526981E-07	       -3.930708E-06	       -4.294266E-07	        1.198379E-09	       -4.594256E-14	        1.861287E-12	       -2.015889E-12	        5.581387E-04	        1.335941E-04	        1.343833E-05	        1.591223E-10	        8.542748E+02	        6.292859E+05	        3.267440E-01	        5.707886E+05	        9.660804E-01	        1.215283E-04	        5.437467E+01	        2.730763E+02
        7.157618E-04	        2.449972E-02	        1.150437E-17	        7.709057E-24	        0.000000E+00	        5.539985E-18	        3.262541E-17	        3.955443E-17	        3.687595E-10	        1.147811E-04	        2.592177E-10	        4.241605E-09	        5.195657E-04	        2.619745E-01	        0.000000E+00	        1.731372E-07	        4.409058E-09	        6.514164E-02	        7.581490E-02	        7.285366E-08	        1.802266E-13	        8.204026E-16	        5.359867E-09	        3.567560E-06	        5.822998E-06	        8.215541E-08	        2.550769E-14	        4.769445E-05	        4.886131E-01	        1.267304E-12	        1.040541E-06	        9.686296E-10	        2.209276E-10	        8.185194E-02	        1.822826E-08	        4.818646E-07	        1.053210E-04	        5.969525E-08	        1.829798E-05	        3.966913E-07	        4.518746E-07	        1.671226E-13	        1.901471E-14	        2.147803E-10	        4.030190E-05	        7.746227E-08	        1.889992E-05	        2.968447E-04	        3.834071E-04	        1.112388E-04	        6.912171E-07	        1.267876E-08	        3.986172E-06	        5.662292E-06	        2.510021E-09	        8.713571E-05	        1.615295E-05	        1.410201E-06	        1.796842E-04	        1.898708E-06	        1.774442E-08	        7.882598E-12	        4.727362E-17	        9.532274E-06	        3.155266E-05	        8.618083E-05	        9.140282E-06	        2.474303E-06	        1.350198E-10	        0.000000E+00	        0.000000E+00	        0.000000E+00	        0.000000E+00	        0.000000E+00	        0.000000E+00	        0.000000E+00	       -8.558236E-06	       -3.785682E-04	       -1.610101E-07	       -1.780717E-06	       -1.772050E-04	       -6.288017E-05	        0.000000E+00	        4.683555E-06	        2.302894E-08	        4.846398E-04	        8.960130E-06	        5.270192E-06	       -2.506722E-10	       -5.206193E-12	       -1.530866E-06	       -9.856249E-04	        1.685281E-05	       -1.007430E-05	       -4.269339E-11	        1.144998E-04	       -3.770801E-03	       -1.557903E-09	        4.054694E-06	       -1.618712E-08	        2.331563E-08	       -1.008766E-03	        2.748395E-06	       -1.935135E-04	        1.720011E-04	        3.621853E-06	        3.103688E-07	        7.012250E-06	        1.729551E-05	       -2.477547E-10	        1.110686E-12	        1.303764E-08	        1.878813E-04	        1.231720E-06	        5.637727E-04	       -3.446213E-04	        6.678663E-04	        7.131772E-05	        1.135748E-04	       -1.927769E-06	        1.478707E-04	        1.313439E-04	       -4.655643E-07	        1.214438E-04	       -6.768574E-05	        1.852953E-06	       -1.826191E-06	       -5.174906E-06	       -5.496839E-07	        1.721368E-09	       -1.221946E-13	        3.621692E-12	       -8.637396E-12	        8.010731E-04	        2.052812E-04	        2.110223E-05	        2.818342E-10	        8.670498E+02	        6.187131E+05	        3.221496E-01	        8.230360E+05	        9.581924E-01	        1.250434E-04	        8.073172E+01	        3.280319E+02
        7.309908E-04	        3.001802E-02	        1.139129E-17	        9.222648E-24	        0.000000E+00	        5.486427E-18	        3.230804E-17	        3.916531E-17	        5.653430E-10	        1.408386E-04	        3.705697E-10	        5.642423E-09	        6.365976E-04	        2.606174E-01	        0.000000E+00	        2.098864E-07	        5.388269E-09	        6.697522E-02	        7.667415E-02	        8.878282E-08	        2.646451E-13	        1.714809E-15	        7.244299E-09	        4.607807E-06	        7.127185E-06	        1.120330E-07	        4.329266E-14	        5.834446E-05	        4.824466E-01	        1.902253E-12	        1.272586E-06	        1.201609E-09	        2.782435E-10	        8.069284E-02	        2.090972E-08	        6.737059E-07	        1.289521E-04	        7.159822E-08	        2.241908E-05	        4.823933E-07	        5.394106E-07	        2.720200E-13	        2.416035E-14	        2.666076E-10	        4.929579E-05	        9.404382E-08	        2.242547E-05	        3.639039E-04	        4.692189E-04	        1.362486E-04	        7.465096E-07	        1.761665E-08	        4.739045E-06	        6.846652E-06	        3.356278E-09	        1.066588E-04	        1.983172E-05	        1.726545E-06	        2.201570E-04	        2.331540E-06	        2.224458E-08	        8.710380E-12	        1.128730E-16	        1.167931E-05	        3.865955E-05	        1.047541E-04	        1.101241E-05	        3.012530E-06	        1.651428E-10	        0.000000E+00	        0.000000E+00	        0.000000E+00	        0.000000E+00	        0.000000E+00	        0.000000E+00	        0.000000E+00	       -1.545871E-05	       -5.446886E-04	       -1.985122E-07	       -2.888633E-06	       -2.760918E-04	       -8.253453E-05	        0.000000E+00	        7.113967E-06	        3.576790E-08	        6.923789E-04	        1.213751E-05	        8.106699E-06	       -4.409622E-10	       -1.125950E-11	       -1.429371E-06	       -1.507504E-03	        2.707085E-05	       -1.028543E-05	       -9.155401E-11	        1.610533E-04	       -5.215463E-03	       -2.380003E-09	        5.645991E-06	       -1.832135E-08	        4.451191E-08	       -1.252885E-03	        3.754993E-06	       -3.053373E-04	        2.524014E-04	        5.461419E-06	        3.793551E-07	        1.226975E-05	        2.302530E-05	       -5.425990E-10	        2.301583E-12	        2.528230E-08	        3.008109E-04	        1.844013E-06	        6.545718E-04	       -5.416871E-04	        9.531307E-04	        1.068993E-04	        1.334902E-04	       -2.518573E-06	        2.068412E-04	        1.894163E-04	       -7.385349E-07	        1.904631E-04	       -1.035610E-04	        3.138723E-06	       -3.762867E-06	       -6.313178E-06	       -6.790988E-07	        2.056669E-09	       -3.383163E-13	        7.259154E-12	       -2.900212E-11	        1.155188E-03	        3.217168E-04	        3.403888E-05	        5.011288E-10	        8.823826E+02	        6.061678E+05	        3.168097E-01	        1.189094E+06	        9.487752E-01	        1.293176E-04	        1.171939E+02	        3.886405E+02
        7.462198E-04	        3.651389E-02	        1.125817E-17	        1.095580E-23	        0.000000E+00	        5.423341E-18	        3.193432E-17	        3.870727E-17	        8.831645E-10	        1.716089E-04	        5.192640E-10	        7.563831E-09	        7.743651E-04	        2.590198E-01	        0.000000E+00	        2.518436E-07	        6.534202E-09	        6.913351E-02	        7.768562E-02	        1.062294E-07	        3.933896E-13	        3.580765E-15	        9.573747E-09	        5.958026E-06	        8.657904E-06	        1.495436E-07	        7.694267E-14	        7.084361E-05	        4.751885E-01	        2.835305E-12	        1.544737E-06	        1.479015E-09	        3.380528E-10	        7.932851E-02	        2.308683E-08	        9.453275E-07	        1.567302E-04	        8.472966E-08	        2.727015E-05	        5.803488E-07	        6.368287E-07	        4.739476E-13	        2.964101E-14	        3.215751E-10	        5.983280E-05	        1.131119E-07	        2.642283E-05	        4.429601E-04	        5.700207E-04	        1.656652E-04	        7.811923E-07	        2.414256E-08	        5.560984E-06	        8.197681E-06	        4.516357E-09	        1.295854E-04	        2.418405E-05	        2.097990E-06	        2.678007E-04	        2.842837E-06	        2.769664E-08	        9.033872E-12	        2.821633E-16	        1.420671E-05	        4.702544E-05	        1.262712E-04	        1.312147E-05	        3.636084E-06	        2.003850E-10	        0.000000E+00	        0.000000E+00	        0.000000E+00	        0.000000E+00	        0.000000E+00	        0.000000E+00	        0.000000E+00	       -2.852006E-05	       -7.677858E-04	       -2.347188E-07	       -4.715471E-06	       -4.272738E-04	       -1.089706E-04	        0.000000E+00	        1.051169E-05	        5.662619E-08	        9.708041E-04	        1.659458E-05	        1.157161E-05	       -7.768730E-10	       -2.450437E-11	       -1.131829E-06	       -2.296349E-03	        4.301314E-05	       -9.231725E-06	       -2.059969E-10	        2.252347E-04	       -7.265794E-03	       -3.605758E-09	        7.704952E-06	       -2.114220E-08	        6.551053E-08	       -1.560929E-03	        4.603950E-06	       -4.842323E-04	        3.745124E-04	        7.937127E-06	        4.308631E-07	        2.091749E-05	        2.977513E-05	       -1.227014E-09	        3.461880E-12	        3.986255E-08	        4.773110E-04	        2.706103E-06	        7.543227E-04	       -8.380970E-04	        1.374810E-03	        1.580426E-04	        1.443302E-04	       -3.323625E-06	        2.817106E-04	        2.674855E-04	       -1.164536E-06	        2.993658E-04	       -1.567272E-04	        5.145967E-06	       -7.516484E-06	       -6.695625E-06	       -8.053761E-07	        2.035635E-09	       -9.750211E-13	        1.500422E-11	       -8.943967E-11	        1.667320E-03	        5.131905E-04	        5.610561E-05	        8.929289E-10	        9.005447E+02	        5.914988E+05	        3.107183E-01	        1.718062E+06	        9.376898E-01	        1.344579E-04	        1.662444E+02	        4.539465E+02
        7.614487E-04	        4.405101E-02	        1.110371E-17	        1.291526E-23	        0.000000E+00	        5.350102E-18	        3.150056E-17	        3.817583E-17	        1.407808E-09	        2.074447E-04	        7.121586E-10	        1.022806E-08	        9.342206E-04	        2.571662E-01	        0.000000E+00	        2.986452E-07	        7.853378E-09	        7.163762E-02	        7.885922E-02	        1.246518E-07	        5.933647E-13	        7.475955E-15	        1.236267E-08	        7.711878E-06	        1.042699E-05	        1.951206E-07	        1.439553E-13	        8.529496E-05	        4.667679E-01	        4.192851E-12	        1.859172E-06	        1.804444E-09	        3.964256E-10	        7.774563E-02	        2.443882E-08	        1.331499E-06	        1.889040E-04	        9.871527E-08	        3.289872E-05	        6.891239E-07	        7.427504E-07	        8.816595E-13	        3.515114E-14	        3.760403E-10	        7.198102E-05	        1.345894E-07	        3.088882E-05	        5.348660E-04	        6.866818E-04	        1.997627E-04	        7.892918E-07	        3.263482E-08	        6.429040E-06	        9.705702E-06	        6.115092E-09	        1.561025E-04	        2.926636E-05	        2.527467E-06	        3.230835E-04	        3.437945E-06	        3.420198E-08	        8.779266E-12	        7.380121E-16	        1.713923E-05	        5.673233E-05	        1.507483E-04	        1.542090E-05	        4.343442E-06	        2.408982E-10	        0.000000E+00	        0.000000E+00	        0.000000E+00	        0.000000E+00	        0.000000E+00	        0.000000E+00	        0.000000E+00	       -5.392712E-05	       -1.058555E-03	       -2.659861E-07	       -7.764726E-06	       -6.561593E-04	       -1.448625E-04	        0.000000E+00	        1.510652E-05	        9.111383E-08	        1.332948E-03	        2.290469E-05	        1.561190E-05	       -1.372714E-09	       -5.391070E-11	       -6.050355E-07	       -3.488118E-03	        6.753029E-05	       -6.523220E-06	       -4.907508E-10	        3.127735E-04	       -1.019776E-02	       -5.399691E-09	        1.028944E-05	       -2.776980E-08	        8.043572E-08	       -1.953925E-03	        4.993922E-06	       -7.674309E-04	        5.621232E-04	        1.100321E-05	        4.075356E-07	        3.472035E-05	        3.746088E-05	       -2.855049E-09	        4.247866E-12	        5.367101E-08	        7.487658E-04	        3.879450E-06	        8.678299E-04	       -1.276417E-03	        2.002692E-03	        2.310801E-04	        1.397451E-04	       -4.533462E-06	        3.722170E-04	        3.687912E-04	       -1.823001E-06	        4.713263E-04	       -2.343939E-04	        8.143684E-06	       -1.461023E-05	       -4.973959E-06	       -9.189376E-07	        1.608136E-09	       -2.923490E-12	        3.205223E-11	       -2.662271E-10	        2.399435E-03	        8.277919E-04	        9.375830E-05	        1.591420E-09	        9.217708E+02	        5.745994E+05	        3.039015E-01	        2.479502E+06	        9.248274E-01	        1.405720E-04	        2.303653E+02	        5.226170E+02
        7.766777E-04	        5.266971E-02	        1.092709E-17	        1.509810E-23	        0.000000E+00	        5.266311E-18	        3.100445E-17	        3.756814E-17	        2.295144E-09	        2.486021E-04	        9.552379E-10	        1.397281E-08	        1.117022E-03	        2.550466E-01	        0.000000E+00	        3.495266E-07	        9.345472E-09	        7.450087E-02	        8.020123E-02	        1.433227E-07	        9.092091E-13	        1.564160E-14	        1.559668E-08	        9.994689E-06	        1.243921E-05	        2.486531E-07	        2.855518E-13	        1.017506E-04	        4.571404E-01	        6.146590E-12	        2.216986E-06	        2.181129E-09	        4.499770E-10	        7.593576E-02	        2.474299E-08	        1.882826E-06	        2.256114E-04	        1.130171E-07	        3.933491E-05	        8.056064E-07	        8.551466E-07	        1.741275E-12	        4.043448E-14	        4.260941E-10	        8.575346E-05	        1.582446E-07	        3.580261E-05	        6.402240E-04	        8.196596E-04	        2.387043E-04	        7.682066E-07	        4.356979E-08	        7.311329E-06	        1.135004E-05	        8.328989E-09	        1.862950E-04	        3.512514E-05	        3.016247E-06	        3.863032E-04	        4.119795E-06	        4.184041E-08	        8.002842E-12	        2.017716E-15	        2.049257E-05	        6.783217E-05	        1.780517E-04	        1.781797E-05	        5.125991E-06	        2.865678E-10	        0.000000E+00	        0.000000E+00	        0.000000E+00	        0.000000E+00	        0.000000E+00	        0.000000E+00	        0.000000E+00	       -1.047625E-04	       -1.426232E-03	       -2.871012E-07	       -1.292335E-05	       -9.987107E-04	       -1.941520E-04	        0.000000E+00	        2.111594E-05	        1.483834E-07	        1.789605E-03	        3.193870E-05	        2.010884E-05	       -2.434505E-09	       -1.203718E-10	        2.007221E-07	       -5.291499E-03	        1.047011E-04	       -1.960882E-06	       -1.249239E-09	        4.309534E-04	       -1.441691E-02	       -7.955220E-09	        1.343208E-05	       -4.689098E-08	        8.414157E-08	       -2.459626E-03	        4.658193E-06	       -1.202787E-03	        8.536902E-04	        1.431942E-05	        1.657816E-07	        5.601093E-05	        4.607059E-05	       -6.796218E-09	        4.359175E-12	        6.192868E-08	        1.159058E-03	        5.418223E-06	        1.007314E-03	       -1.916277E-03	        2.944403E-03	        3.359502E-04	        1.156444E-04	       -6.553371E-06	        4.753895E-04	        4.951841E-04	       -2.830669E-06	        7.430224E-04	       -3.464355E-04	        1.241985E-05	       -2.767875E-05	        1.412655E-06	       -1.027390E-06	        8.891318E-10	       -9.110085E-12	        7.102496E-11	       -7.812021E-10	        3.429645E-03	        1.335672E-03	        1.571704E-04	        2.829192E-09	        9.462445E+02	        5.554172E+05	        2.964187E-01	        3.571666E+06	        9.101193E-01	        1.477641E-04	        3.117789E+02	        5.930116E+02
        7.919067E-04	        6.238296E-02	        1.072803E-17	        1.748931E-23	        0.000000E+00	        5.171831E-18	        3.044522E-17	        3.688329E-17	        3.838211E-09	        2.952210E-04	        1.252813E-09	        1.932336E-08	        1.323050E-03	        2.526578E-01	        0.000000E+00	        4.032858E-07	        1.100110E-08	        7.772749E-02	        8.171366E-02	        1.613640E-07	        1.415532E-12	        3.290405E-14	        1.922692E-08	        1.297653E-05	        1.469082E-05	        3.093977E-07	        6.059698E-13	        1.202028E-04	        4.462921E-01	        8.923458E-12	        2.618029E-06	        2.613136E-09	        4.969012E-10	        7.389625E-02	        2.395914E-08	        2.671456E-06	        2.668573E-04	        1.269953E-07	        4.658843E-05	        9.244837E-07	        9.713801E-07	        3.620716E-12	        4.537085E-14	        4.687823E-10	        1.010957E-04	        1.836751E-07	        4.112245E-05	        7.593471E-04	        9.689185E-04	        2.825222E-04	        7.200180E-07	        5.761446E-08	        8.168610E-06	        1.309861E-05	        1.140661E-08	        2.201230E-04	        4.179575E-05	        3.563648E-06	        4.575587E-04	        4.887867E-06	        5.066589E-08	        6.866836E-12	        5.758497E-15	        2.427177E-05	        8.034165E-05	        2.078686E-04	        2.015485E-05	        5.965018E-06	        3.369008E-10	        0.000000E+00	        0.000000E+00	        0.000000E+00	        0.000000E+00	        0.000000E+00	        0.000000E+00	        0.000000E+00	       -2.091709E-04	       -1.877265E-03	       -2.883267E-07	       -2.179451E-05	       -1.502931E-03	       -2.626933E-04	        0.000000E+00	        2.871125E-05	        2.432048E-07	        2.347745E-03	        4.504991E-05	        2.484932E-05	       -4.334556E-09	       -2.732403E-10	        1.389645E-06	       -8.026130E-03	        1.601945E-04	        4.294817E-06	       -3.422786E-09	        5.889887E-04	       -2.049637E-02	       -1.146274E-08	        1.712829E-05	       -9.840158E-08	        7.467321E-08	       -3.111196E-03	        3.525799E-06	       -1.833371E-03	        1.311093E-03	        1.703650E-05	       -6.455043E-07	        8.750956E-05	        5.579416E-05	       -1.642676E-08	        3.645817E-12	        5.982982E-08	        1.768222E-03	        7.359612E-06	        1.197579E-03	       -2.843934E-03	        4.366808E-03	        4.896174E-04	        7.341834E-05	       -1.019717E-05	        5.845288E-04	        6.462141E-04	       -4.356879E-06	        1.171033E-03	       -5.065160E-04	        1.823894E-05	       -5.112040E-05	        1.704325E-05	       -1.171881E-06	        1.008591E-10	       -2.944177E-11	        1.641514E-10	       -2.282153E-09	        4.849663E-03	        2.123937E-03	        2.607643E-04	        4.993224E-09	        9.740868E+02	        5.339587E+05	        2.883600E-01	        5.131326E+06	        8.935432E-01	        1.561333E-04	        4.121509E+02	        6.632920E+02
        8.071357E-04	        7.317427E-02	        1.050689E-17	        2.006069E-23	        0.000000E+00	        5.066810E-18	        2.982383E-17	        3.612248E-17	        6.604611E-09	        3.473137E-04	        1.606437E-09	        2.711726E-08	        1.551959E-03	        2.500040E-01	        0.000000E+00	        4.582830E-07	        1.279921E-08	        8.131189E-02	        8.339394E-02	        1.778097E-07	        2.237828E-12	        6.983429E-14	        2.316280E-08	        1.689144E-05	        1.716832E-05	        3.760050E-07	        1.389527E-12	        1.405795E-04	        4.342425E-01	        1.281224E-11	        3.060843E-06	        3.108327E-09	        5.374701E-10	        7.163063E-02	        2.226085E-08	        3.795032E-06	        3.124975E-04	        1.400543E-07	        5.464715E-05	        1.037759E-06	        1.088250E-06	        7.844204E-12	        5.002529E-14	        5.033446E-10	        1.178755E-04	        2.103088E-07	        4.678127E-05	        8.922455E-04	        1.133870E-03	        3.311054E-04	        6.514343E-07	        7.581632E-08	        8.957519E-06	        1.490882E-05	        1.569585E-08	        2.574011E-04	        4.930288E-05	        4.166886E-06	        5.367355E-04	        5.736843E-06	        6.071105E-08	        5.576000E-12	        1.712199E-14	        2.847041E-05	        9.423954E-05	        2.396858E-04	        2.218851E-05	        6.828096E-06	        3.908740E-10	        0.000000E+00	        0.000000E+00	        0.000000E+00	        0.000000E+00	        0.000000E+00	        0.000000E+00	        0.000000E+00	       -4.269774E-04	       -2.413585E-03	       -2.493939E-07	       -3.733733E-05	       -2.224184E-03	       -3.592081E-04	        0.000000E+00	        3.796585E-05	        3.983261E-07	        3.009531E-03	        6.439010E-05	        2.945330E-05	       -7.747637E-09	       -6.280941E-10	        3.153608E-06	       -1.217409E-02	        2.414174E-04	        1.149247E-05	       -1.011438E-08	        7.984336E-04	       -2.918074E-02	       -1.606578E-08	        2.132616E-05	       -2.218631E-07	        5.391691E-08	       -3.943408E-03	        1.829292E-06	       -2.647264E-03	        2.031699E-03	        1.763049E-05	       -2.878429E-06	        1.316128E-04	        6.708886E-05	       -3.999950E-08	        2.158887E-12	        4.497576E-08	        2.657116E-03	        9.720247E-06	        1.482210E-03	       -4.189924E-03	        6.529343E-03	        7.228601E-04	        2.129015E-05	       -1.702368E-05	        6.883566E-04	        8.185894E-04	       -6.644020E-06	        1.837466E-03	       -7.339010E-04	        2.577707E-05	       -9.197632E-05	        4.974846E-05	       -1.419674E-06	       -5.444586E-10	       -9.818434E-11	        3.986864E-10	       -6.662674E-09	        6.755469E-03	        3.263257E-03	        4.212453E-04	        8.676474E-09	        1.005348E+03	        5.102897E+05	        2.798396E-01	        7.342134E+06	        8.751275E-01	        1.657808E-04	        5.321895E+02	        7.314596E+02
        8.223646E-04	        8.499481E-02	        1.026465E-17	        2.277110E-23	        0.000000E+00	        4.951710E-18	        2.914309E-17	        3.528915E-17	        1.171381E-08	        4.047479E-04	        2.013066E-09	        3.872176E-08	        1.802722E-03	        2.470970E-01	        0.000000E+00	        5.124729E-07	        1.470337E-08	        8.523776E-02	        8.523447E-02	        1.916956E-07	        3.588045E-12	        1.497878E-13	        2.726041E-08	        2.206387E-05	        1.984711E-05	        4.466874E-07	        3.470873E-12	        1.627376E-04	        4.210473E-01	        1.816207E-11	        3.542591E-06	        3.684007E-09	        5.738259E-10	        6.914923E-02	        1.998499E-08	        5.371612E-06	        3.622154E-04	        1.518839E-07	        6.347506E-05	        1.134473E-06	        1.201990E-06	        1.750357E-11	        5.464172E-14	        5.318424E-10	        1.358697E-04	        2.374123E-07	        5.267852E-05	        1.038610E-03	        1.313291E-03	        3.841824E-04	        5.720854E-07	        9.995354E-08	        9.635260E-06	        1.672927E-05	        2.167857E-08	        2.977725E-04	        5.766090E-05	        4.820929E-06	        6.234862E-04	        6.654519E-06	        7.199595E-08	        4.312129E-12	        5.283615E-14	        3.306951E-05	        1.094630E-04	        2.727725E-04	        2.357940E-05	        7.665479E-06	        4.467211E-10	        0.000000E+00	        0.000000E+00	        0.000000E+00	        0.000000E+00	        0.000000E+00	        0.000000E+00	        0.000000E+00	       -8.709240E-04	       -3.029856E-03	       -1.364345E-07	       -6.476578E-05	       -3.200673E-03	       -4.969533E-04	        0.000000E+00	        4.876851E-05	        6.463385E-07	        3.772832E-03	        9.343998E-05	        3.318104E-05	       -1.389966E-08	       -1.432539E-09	        5.730915E-06	       -1.843818E-02	        3.567824E-04	        1.792007E-05	       -3.183953E-08	        1.073285E-03	       -4.127983E-02	       -2.185464E-08	        2.592000E-05	       -4.874448E-07	        2.424034E-08	       -4.990483E-03	        1.511371E-08	       -3.468923E-03	        3.160970E-03	        1.400442E-05	       -8.579918E-06	        1.886305E-04	        8.058497E-05	       -9.727647E-08	        9.438860E-14	        1.788276E-08	        3.933188E-03	        1.250831E-05	        1.928928E-03	       -6.159769E-03	        9.833726E-03	        1.092904E-03	       -2.892303E-05	       -2.988666E-05	        7.707504E-04	        1.006839E-03	       -1.003351E-05	        2.848295E-03	       -1.056254E-03	        3.501982E-05	       -1.607794E-04	        1.123540E-04	       -1.795082E-06	       -9.412389E-10	       -3.323251E-10	        1.026818E-09	       -1.941034E-08	        9.227076E-03	        4.712555E-03	        6.497006E-04	        1.464277E-08	        1.040008E+03	        4.845390E+05	        2.709868E-01	        1.043173E+07	        8.549553E-01	        1.768388E-04	        6.715873E+02	        7.955855E+02
        8.375936E-04	        9.776845E-02	        1.000288E-17	        2.556978E-23	        0.000000E+00	        4.827257E-18	        2.840739E-17	        3.438869E-17	        2.133184E-08	        4.672656E-04	        2.462672E-09	        5.640218E-08	        2.073735E-03	        2.439557E-01	        0.000000E+00	        5.635203E-07	        1.665847E-08	        8.947968E-02	        8.722338E-02	        2.022078E-07	        5.826230E-12	        3.232271E-13	        3.131326E-08	        2.894706E-05	        2.269189E-05	        5.196379E-07	        9.439581E-12	        1.864717E-04	        4.067932E-01	        2.537560E-11	        4.059307E-06	        4.376699E-09	        6.096024E-10	        6.646812E-02	        1.752231E-08	        7.513146E-06	        4.155283E-04	        1.627680E-07	        7.301645E-05	        1.201094E-06	        1.308335E-06	        3.976602E-11	        5.959667E-14	        5.590420E-10	        1.547629E-04	        2.641271E-07	        5.867248E-05	        1.197899E-03	        1.505340E-03	        4.413347E-04	        4.918825E-07	        1.331595E-07	        1.016599E-05	        1.850352E-05	        3.001761E-08	        3.407068E-04	        6.688039E-05	        5.518875E-06	        7.172692E-04	        7.619412E-06	        8.453484E-08	        3.197038E-12	        1.675108E-13	        3.803944E-05	        1.259139E-04	        3.061978E-04	        2.391500E-05	        8.409432E-06	        5.017335E-10	        0.000000E+00	        0.000000E+00	        0.000000E+00	        0.000000E+00	        0.000000E+00	        0.000000E+00	        0.000000E+00	       -1.642431E-03	       -3.710129E-03	        4.330642E-08	       -1.110152E-04	       -4.383306E-03	       -6.980883E-04	        0.000000E+00	        6.069195E-05	        1.028972E-06	        4.635841E-03	        1.378418E-04	        3.465605E-05	       -2.503107E-08	       -2.884442E-09	        9.232852E-06	       -2.779588E-02	        5.130024E-04	        2.038196E-05	       -8.265353E-08	        1.428976E-03	       -5.730268E-02	       -2.624766E-08	        3.075596E-05	       -1.012827E-06	       -2.446699E-08	       -6.299050E-03	       -1.567931E-06	       -3.861681E-03	        4.896877E-03	        3.916470E-06	       -2.247465E-05	        2.535950E-04	        9.682208E-05	       -1.915631E-07	       -5.188218E-12	       -2.816500E-08	        5.738138E-03	        1.576291E-05	        2.629880E-03	       -9.078921E-03	        1.489171E-02	        1.703372E-03	       -6.945353E-05	       -5.383814E-05	        8.121975E-04	        1.206880E-03	       -1.500129E-05	        4.314165E-03	       -1.513947E-03	        4.561509E-05	       -2.698772E-04	        2.234803E-04	       -2.275952E-06	       -1.129509E-09	       -8.914449E-10	        2.822971E-09	       -5.608332E-08	        1.229760E-02	        6.139294E-03	        9.343942E-04	        2.351465E-08	        1.077974E+03	        4.568824E+05	        2.619368E-01	        1.463321E+07	        8.331566E-01	        1.893402E-04	        8.408683E+02	        8.603337E+02
        8.452081E-04	        1.045485E-01	        9.863942E-18	        2.698377E-23	        0.000000E+00	        4.761161E-18	        2.801680E-17	        3.391077E-17	        2.928598E-08	        5.006530E-04	        2.700123E-09	        6.903573E-08	        2.217599E-03	        2.422884E-01	        0.000000E+00	        5.871680E-07	        1.763597E-08	        9.173098E-02	        8.827905E-02	        2.060568E-07	        7.531600E-12	        4.799117E-13	        3.324156E-08	        3.331971E-05	        2.417534E-05	        5.569194E-07	        1.616827E-11	        1.989659E-04	        3.992299E-01	        2.983868E-11	        4.331874E-06	        4.798457E-09	        6.298985E-10	        6.504521E-02	        1.634207E-08	        8.829567E-06	        4.435894E-04	        1.683492E-07	        7.808247E-05	        1.217669E-06	        1.357440E-06	        6.016884E-11	        6.262293E-14	        5.755675E-10	        1.644941E-04	        2.771106E-07	        6.166351E-05	        1.283056E-03	        1.606249E-03	        4.715526E-04	        4.542215E-07	        1.555161E-07	        1.036933E-05	        1.935995E-05	        3.547698E-08	        3.631089E-04	        7.187305E-05	        5.885088E-06	        7.670707E-04	        8.111919E-06	        9.135110E-08	        2.716109E-12	        3.036349E-13	        4.067738E-05	        1.346457E-04	        3.227946E-04	        2.353229E-05	        8.718949E-06	        5.277720E-10	        0.000000E+00	        0.000000E+00	        0.000000E+00	        0.000000E+00	        0.000000E+00	        0.000000E+00	        0.000000E+00	       -2.491452E-03	       -4.069571E-03	        2.965430E-07	       -1.577355E-04	       -4.960245E-03	       -8.251931E-04	        0.000000E+00	        6.681294E-05	        1.284944E-06	        5.111609E-03	        1.694663E-04	        3.478844E-05	       -3.401673E-08	       -4.710120E-09	        1.164055E-05	       -3.418050E-02	        6.079477E-04	        1.854182E-05	       -1.791694E-07	        1.644215E-03	       -6.716529E-02	       -3.290298E-08	        3.325984E-05	       -1.395595E-06	       -2.844907E-08	       -7.103835E-03	       -1.823945E-06	       -3.449848E-03	        6.073758E-03	       -2.357353E-06	       -3.591710E-05	        2.869950E-04	        1.062064E-04	       -3.395327E-07	       -4.223883E-12	       -3.404639E-08	        6.936356E-03	        1.767349E-05	        3.121189E-03	       -1.110632E-02	        1.841030E-02	        2.166550E-03	       -7.428300E-05	       -7.253019E-05	        8.112018E-04	        1.312797E-03	       -1.835679E-05	        5.246547E-03	       -1.817450E-03	        5.122622E-05	       -3.508332E-04	        3.128415E-04	       -1.657751E-06	       -1.051341E-09	       -1.934973E-09	        4.841895E-09	       -9.497249E-08	        1.406760E-02	        6.680209E-03	        1.080703E-03	        2.902059E-08	        1.098156E+03	        4.418087E+05	        2.573807E-01	        1.732468E+07	        8.215863E-01	        1.961599E-04	        9.342195E+02	        8.909303E+02
        8.528226E-04	        1.115393E-01	        9.720682E-18	        2.838172E-23	        0.000000E+00	        4.692980E-18	        2.761396E-17	        3.341800E-17	        4.031662E-08	        5.352252E-04	        2.939612E-09	        8.508416E-08	        2.365946E-03	        2.405692E-01	        0.000000E+00	        6.090666E-07	        1.859462E-08	        9.405212E-02	        8.936752E-02	        2.088883E-07	        9.750270E-12	        7.105506E-13	        3.504587E-08	        3.840724E-05	        2.568435E-05	        5.945031E-07	        2.815869E-11	        2.117707E-04	        3.914335E-01	        3.496090E-11	        4.611715E-06	        5.282121E-09	        6.518203E-10	        6.357820E-02	        1.522179E-08	        1.029203E-05	        4.723309E-04	        1.741811E-07	        8.330769E-05	        1.220843E-06	        1.402802E-06	        9.116781E-11	        6.595336E-14	        5.942594E-10	        1.742929E-04	        2.896198E-07	        6.459957E-05	        1.371350E-03	        1.709465E-03	        5.026123E-04	        4.188266E-07	        1.827404E-07	        1.052776E-05	        2.018226E-05	        4.193372E-08	        3.858998E-04	        7.709884E-05	        6.259569E-06	        8.184403E-04	        8.601740E-06	        9.845600E-08	        2.287827E-12	        5.509234E-13	        4.339734E-05	        1.436490E-04	        3.390502E-04	        2.273820E-05	        8.973461E-06	        5.520663E-10	        0.000000E+00	        0.000000E+00	        0.000000E+00	        0.000000E+00	        0.000000E+00	        0.000000E+00	        0.000000E+00	       -3.559341E-03	       -4.432371E-03	        5.657680E-07	       -2.202345E-04	       -5.420109E-03	       -9.799638E-04	        0.000000E+00	        7.278498E-05	        1.590526E-06	        5.619584E-03	        2.094059E-04	        3.366511E-05	       -4.622891E-08	       -7.023833E-09	        1.408775E-05	       -4.188064E-02	        7.116039E-04	        1.331489E-05	       -3.355199E-07	        1.885017E-03	       -7.796065E-02	       -3.933655E-08	        3.577887E-05	       -1.896886E-06	       -4.255777E-08	       -8.052691E-03	       -2.005892E-06	       -2.541667E-03	        7.487705E-03	       -9.751438E-06	       -5.644743E-05	        3.165622E-04	        1.162655E-04	       -5.280675E-07	       -6.159018E-12	       -4.493459E-08	        8.356558E-03	        1.977734E-05	        3.718393E-03	       -1.360918E-02	        2.276608E-02	        2.774981E-03	       -7.725376E-05	       -9.740338E-05	        7.930638E-04	        1.424650E-03	       -2.240630E-05	        6.315269E-03	       -2.181616E-03	        5.676181E-05	       -4.484630E-04	        4.289462E-04	       -5.999560E-07	       -1.019092E-09	       -3.591203E-09	        8.446211E-09	       -1.594650E-07	        1.596831E-02	        6.892696E-03	        1.213546E-03	        3.494915E-08	        1.119124E+03	        4.262856E+05	        2.528191E-01	        2.039831E+07	        8.096562E-01	        2.033706E-04	        1.026462E+03	        9.171743E+02
        8.604371E-04	        1.187249E-01	        9.573429E-18	        2.975601E-23	        0.000000E+00	        4.622866E-18	        2.719979E-17	        3.291151E-17	        5.562224E-08	        5.709179E-04	        3.175766E-09	        1.057218E-07	        2.518441E-03	        2.388022E-01	        0.000000E+00	        6.289190E-07	        1.952017E-08	        9.643778E-02	        9.048633E-02	        2.107184E-07	        1.264480E-11	        1.048740E-12	        3.668194E-08	        4.433289E-05	        2.721179E-05	        6.325302E-07	        4.977075E-11	        2.248448E-04	        3.834220E-01	        4.083648E-11	        4.898087E-06	        5.844363E-09	        6.758137E-10	        6.207043E-02	        1.417460E-08	        1.187127E-05	        5.016412E-04	        1.804890E-07	        8.868118E-05	        1.209037E-06	        1.443763E-06	        1.382387E-10	        6.967880E-14	        6.156134E-10	        1.840870E-04	        3.015133E-07	        6.744442E-05	        1.462692E-03	        1.814549E-03	        5.344146E-04	        3.859542E-07	        2.162242E-07	        1.064144E-05	        2.096279E-05	        4.956203E-08	        4.089621E-04	        8.256207E-05	        6.641094E-06	        8.712666E-04	        9.080990E-06	        1.057862E-07	        1.911931E-12	        9.999130E-13	        4.619310E-05	        1.529033E-04	        3.548036E-04	        2.151736E-05	        9.163830E-06	        5.740188E-10	        0.000000E+00	        0.000000E+00	        0.000000E+00	        0.000000E+00	        0.000000E+00	        0.000000E+00	        0.000000E+00	       -4.948629E-03	       -4.791344E-03	        8.848387E-07	       -3.066487E-04	       -5.604584E-03	       -1.167728E-03	        0.000000E+00	        7.834082E-05	        1.948495E-06	        6.167787E-03	        2.602628E-04	        3.087976E-05	       -6.286353E-08	       -1.022061E-08	        1.621281E-05	       -5.106534E-02	        8.204317E-04	        3.425243E-06	       -6.265889E-07	        2.151816E-03	       -8.956758E-02	       -4.927084E-08	        3.830850E-05	       -2.528422E-06	       -6.192405E-08	       -9.226726E-03	       -2.099401E-06	       -9.490444E-04	        9.154097E-03	       -1.747951E-05	       -8.750169E-05	        3.382919E-04	        1.268689E-04	       -8.210348E-07	       -7.917905E-12	       -5.344530E-08	        1.003263E-02	        2.211172E-05	        4.428822E-03	       -1.670471E-02	        2.814246E-02	        3.576277E-03	       -7.784169E-05	       -1.297596E-04	        7.569055E-04	        1.545396E-03	       -2.728109E-05	        7.517424E-03	       -2.618902E-03	        6.193345E-05	       -5.628412E-04	        5.786155E-04	        1.242144E-06	       -9.627608E-10	       -6.575624E-09	        1.497916E-08	       -2.641150E-07	        1.797954E-02	        6.613618E-03	        1.315845E-03	        4.085948E-08	        1.140851E+03	        4.103477E+05	        2.482674E-01	        2.388250E+07	        7.973936E-01	        2.109777E-04	        1.121613E+03	        9.412992E+02
        8.680516E-04	        1.260886E-01	        9.422528E-18	        3.109940E-23	        0.000000E+00	        4.550982E-18	        2.677525E-17	        3.239248E-17	        7.672025E-08	        6.076613E-04	        3.402410E-09	        1.325303E-07	        2.674726E-03	        2.369914E-01	        0.000000E+00	        6.464573E-07	        2.039673E-08	        9.888237E-02	        9.163285E-02	        2.116214E-07	        1.643042E-11	        1.539709E-12	        3.811177E-08	        5.123853E-05	        2.875035E-05	        6.713471E-07	        8.893879E-11	        2.381447E-04	        3.752146E-01	        4.760808E-11	        5.190224E-06	        6.505688E-09	        7.024869E-10	        6.052547E-02	        1.320862E-08	        1.351749E-05	        5.313991E-04	        1.875044E-07	        9.419180E-05	        1.181136E-06	        1.479675E-06	        2.096789E-10	        7.387863E-14	        6.399955E-10	        1.937963E-04	        3.126433E-07	        7.015753E-05	        1.557006E-03	        1.921013E-03	        5.668495E-04	        3.557368E-07	        2.577286E-07	        1.071188E-05	        2.169378E-05	        5.856419E-08	        4.321711E-04	        8.826881E-05	        7.028441E-06	        9.254323E-04	        9.540048E-06	        1.132426E-07	        1.586355E-12	        1.810067E-12	        4.905814E-05	        1.623869E-04	        3.698920E-04	        1.988528E-05	        9.283114E-06	        5.930517E-10	        0.000000E+00	        0.000000E+00	        0.000000E+00	        0.000000E+00	        0.000000E+00	        0.000000E+00	        0.000000E+00	       -6.710990E-03	       -5.138367E-03	        1.239089E-06	       -4.267766E-04	       -5.277051E-03	       -1.396205E-03	        0.000000E+00	        8.314680E-05	        2.358635E-06	        6.769245E-03	        3.254003E-04	        2.601564E-05	       -8.557511E-08	       -1.456072E-08	        1.746905E-05	       -6.187999E-02	        9.289017E-04	       -1.256422E-05	       -1.163907E-06	        2.443769E-03	       -1.018024E-01	       -6.595406E-08	        4.086386E-05	       -3.299967E-06	       -8.509058E-08	       -1.075331E-02	       -2.105483E-06	        1.413368E-03	        1.107359E-02	       -2.464768E-05	       -1.337070E-04	        3.475106E-04	        1.378393E-04	       -1.278896E-06	       -9.551173E-12	       -5.528152E-08	        1.200066E-02	        2.471942E-05	        5.252105E-03	       -2.052204E-02	        3.474571E-02	        4.626998E-03	       -7.604426E-05	       -1.708676E-04	        7.031556E-04	        1.679098E-03	       -3.313588E-05	        8.848114E-03	       -3.143952E-03	        6.636841E-05	       -6.881557E-04	        7.671714E-04	        4.108521E-06	       -8.894553E-10	       -1.185051E-08	        2.693995E-08	       -4.291919E-07	        2.007850E-02	        5.705951E-03	        1.368550E-03	        4.612533E-08	        1.163304E+03	        3.940312E+05	        2.437398E-01	        2.779363E+07	        7.848272E-01	        2.189860E-04	        1.219017E+03	        9.632100E+02
        8.756661E-04	        1.336129E-01	        9.268335E-18	        3.240512E-23	        0.000000E+00	        4.477499E-18	        2.634136E-17	        3.186215E-17	        1.054806E-07	        6.453812E-04	        3.612891E-09	        1.676510E-07	        2.834432E-03	        2.351411E-01	        0.000000E+00	        6.614564E-07	        2.120699E-08	        1.013801E-01	        9.280436E-02	        2.117404E-07	        2.139292E-11	        2.243213E-12	        3.931190E-08	        5.928534E-05	        3.029276E-05	        7.115594E-07	        1.599790E-10	        2.516253E-04	        3.668309E-01	        5.551275E-11	        5.487338E-06	        7.290472E-09	        7.325534E-10	        5.894699E-02	        1.232700E-08	        1.515893E-05	        5.614753E-04	        1.954354E-07	        9.982860E-05	        1.136701E-06	        1.509905E-06	        3.181352E-10	        7.862273E-14	        6.674455E-10	        2.033332E-04	        3.228556E-07	        7.269450E-05	        1.654231E-03	        2.028317E-03	        5.997945E-04	        3.281856E-07	        3.094285E-07	        1.074189E-05	        2.236728E-05	        6.917460E-08	        4.553957E-04	        9.422738E-05	        7.420417E-06	        9.808162E-04	        9.967409E-06	        1.206820E-07	        1.307730E-12	        3.256791E-12	        5.198567E-05	        1.720774E-04	        3.841532E-04	        1.789513E-05	        9.327655E-06	        6.086636E-10	        0.000000E+00	        0.000000E+00	        0.000000E+00	        0.000000E+00	        0.000000E+00	        0.000000E+00	        0.000000E+00	       -8.860696E-03	       -5.464907E-03	        1.589959E-06	       -5.931361E-04	       -4.102211E-03	       -1.675927E-03	        0.000000E+00	        8.680849E-05	        2.816410E-06	        7.443550E-03	        4.091743E-04	        1.868982E-05	       -1.166615E-07	       -2.036503E-08	        1.705562E-05	       -7.442483E-02	        1.029348E-03	       -3.619254E-05	       -2.143519E-06	        2.758642E-03	       -1.145085E-01	       -9.501016E-08	        4.349445E-05	       -4.216525E-06	       -1.118869E-07	       -1.282206E-02	       -2.033622E-06	        4.486444E-03	        1.322604E-02	       -3.033143E-05	       -2.010472E-04	        3.393799E-04	        1.489686E-04	       -2.000628E-06	       -1.102928E-11	       -4.731617E-08	        1.429735E-02	        2.764305E-05	        6.176715E-03	       -2.519565E-02	        4.280079E-02	        5.992271E-03	       -7.214492E-05	       -2.216662E-04	        6.338010E-04	        1.830260E-03	       -4.015306E-05	        1.030758E-02	       -3.773702E-03	        6.960409E-05	       -8.083727E-04	        9.965530E-04	        8.106659E-06	       -8.065807E-10	       -2.095143E-08	        4.896064E-08	       -6.793667E-07	        2.224487E-02	        4.109841E-03	        1.353667E-03	        5.000610E-08	        1.186451E+03	        3.773734E+05	        2.392494E-01	        3.214324E+07	        7.719867E-01	        2.273993E-04	        1.317968E+03	        9.828388E+02
        8.832805E-04	        1.412800E-01	        9.111217E-18	        3.366697E-23	        0.000000E+00	        4.402590E-18	        2.589914E-17	        3.132177E-17	        1.441140E-07	        6.839994E-04	        3.800800E-09	        2.139726E-07	        2.997176E-03	        2.332557E-01	        0.000000E+00	        6.737479E-07	        2.193259E-08	        1.039250E-01	        9.399808E-02	        2.112953E-07	        2.791289E-11	        3.236948E-12	        4.028496E-08	        6.865338E-05	        3.183217E-05	        7.540855E-07	        2.883988E-10	        2.652406E-04	        3.582913E-01	        6.495958E-11	        5.788635E-06	        8.226800E-09	        7.668166E-10	        5.733878E-02	        1.152853E-08	        1.670479E-05	        5.917348E-04	        2.044375E-07	        1.055812E-04	        1.076166E-06	        1.533856E-06	        4.830560E-10	        8.396990E-14	        6.975455E-10	        2.126021E-04	        3.319886E-07	        7.500818E-05	        1.754328E-03	        2.135866E-03	        6.331139E-04	        3.032061E-07	        3.739311E-07	        1.073536E-05	        2.297506E-05	        8.166450E-08	        4.785005E-04	        1.004490E-04	        7.815902E-06	        1.037293E-03	        1.034973E-05	        1.279149E-07	        1.071897E-12	        5.804242E-12	        5.496875E-05	        1.819518E-04	        3.974284E-04	        1.563938E-05	        9.297999E-06	        6.204926E-10	        0.000000E+00	        0.000000E+00	        0.000000E+00	        0.000000E+00	        0.000000E+00	        0.000000E+00	        0.000000E+00	       -1.138341E-02	       -5.762948E-03	        1.877245E-06	       -8.225188E-04	       -1.632265E-03	       -2.020510E-03	        0.000000E+00	        8.889035E-05	        3.311620E-06	        8.218246E-03	        5.172036E-04	        8.627881E-06	       -1.593273E-07	       -2.817774E-08	        1.388923E-05	       -8.873658E-02	        1.112202E-03	       -6.898319E-05	       -3.906247E-06	        3.093098E-03	       -1.276711E-01	       -1.457574E-07	        4.630601E-05	       -5.276400E-06	       -1.423482E-07	       -1.569645E-02	       -1.891716E-06	        8.027038E-03	        1.556662E-02	       -3.372032E-05	       -2.968425E-04	        3.097681E-04	        1.600478E-04	       -3.152127E-06	       -1.232926E-11	       -2.717095E-08	        1.695747E-02	        3.091659E-05	        7.177197E-03	       -3.085291E-02	        5.254358E-02	        7.743619E-03	       -6.643042E-05	       -2.824079E-04	        5.524225E-04	        2.002614E-03	       -4.854772E-05	        1.191255E-02	       -4.527335E-03	        7.109514E-05	       -8.909527E-04	        1.262521E-03	        1.315501E-05	       -7.200559E-10	       -3.626359E-08	        8.954980E-08	       -1.037577E-06	        2.446771E-02	        1.894862E-03	        1.258303E-03	        5.179847E-08	        1.210257E+03	        3.604124E+05	        2.348079E-01	        3.694621E+07	        7.589025E-01	        2.362208E-04	        1.417730E+03	        1.000143E+03
        8.908950E-04	        1.490718E-01	        8.951545E-18	        3.487937E-23	        0.000000E+00	        4.326431E-18	        2.544962E-17	        3.077262E-17	        1.951275E-07	        7.234346E-04	        3.961006E-09	        2.753742E-07	        3.162571E-03	        2.313398E-01	        0.000000E+00	        6.832345E-07	        2.255462E-08	        1.065110E-01	        9.521119E-02	        2.105865E-07	        3.649883E-11	        4.622558E-12	        4.107431E-08	        7.954019E-05	        3.336242E-05	        8.002020E-07	        5.190467E-10	        2.789442E-04	        3.496162E-01	        7.665442E-11	        6.093313E-06	        9.346062E-09	        8.061614E-10	        5.570467E-02	        1.080821E-08	        1.805345E-05	        6.220391E-04	        2.145897E-07	        1.114401E-04	        1.000991E-06	        1.550975E-06	        7.347254E-10	        8.996669E-14	        7.293340E-10	        2.214995E-04	        3.398739E-07	        7.705016E-05	        1.857287E-03	        2.243009E-03	        6.666575E-04	        2.806148E-07	        4.542532E-07	        1.069701E-05	        2.350849E-05	        9.634743E-08	        5.013457E-04	        1.069482E-04	        8.213884E-06	        1.094735E-03	        1.067224E-05	        1.347120E-07	        8.743244E-13	        1.021495E-11	        5.800033E-05	        1.919869E-04	        4.095641E-04	        1.324392E-05	        9.199451E-06	        6.283699E-10	        0.000000E+00	        0.000000E+00	        0.000000E+00	        0.000000E+00	        0.000000E+00	        0.000000E+00	        0.000000E+00	       -1.427212E-02	       -6.026259E-03	        2.027956E-06	       -1.139337E-03	        2.697740E-03	       -2.445778E-03	        0.000000E+00	        8.895112E-05	        3.827238E-06	        9.129923E-03	        6.567318E-04	       -4.251103E-06	       -2.180604E-07	       -3.924939E-08	        6.574762E-06	       -1.047764E-01	        1.166657E-03	       -1.122984E-04	       -7.086780E-06	        3.443667E-03	       -1.415519E-01	       -2.334451E-07	        4.949208E-05	       -6.465867E-06	       -1.747945E-07	       -1.971868E-02	       -1.665808E-06	        1.162686E-02	        1.802597E-02	       -3.411693E-05	       -4.294895E-04	        2.563703E-04	        1.709064E-04	       -5.030630E-06	       -1.350668E-11	        9.137127E-09	        2.001026E-02	        3.455442E-05	        8.213250E-03	       -3.759850E-02	        6.421116E-02	        9.956019E-03	       -5.872422E-05	       -3.521384E-04	        4.639221E-04	        2.197348E-03	       -5.857324E-05	        1.371049E-02	       -5.426095E-03	        7.023285E-05	       -8.798671E-04	        1.552268E-03	        1.898158E-05	       -6.341168E-10	       -6.173578E-08	        1.641694E-07	       -1.508392E-06	        2.675310E-02	       -7.154972E-04	        1.078841E-03	        5.104156E-08	        1.234685E+03	        3.431867E+05	        2.304258E-01	        4.223172E+07	        7.456056E-01	        2.454525E-04	        1.517543E+03	        1.015105E+03
        8.985095E-04	        1.569701E-01	        8.789688E-18	        3.603726E-23	        0.000000E+00	        4.249199E-18	        2.499387E-17	        3.021597E-17	        2.612867E-07	        7.636028E-04	        4.090817E-09	        3.570754E-07	        3.330223E-03	        2.293976E-01	        0.000000E+00	        6.899024E-07	        2.305443E-08	        1.091321E-01	        9.644086E-02	        2.099920E-07	        4.783254E-11	        6.540296E-12	        4.178185E-08	        9.215796E-05	        3.487841E-05	        8.515765E-07	        9.309951E-10	        2.926898E-04	        3.408261E-01	        9.179819E-11	        6.400565E-06	        1.068215E-08	        8.514922E-10	        5.404852E-02	        1.015671E-08	        1.910475E-05	        6.522500E-04	        2.258764E-07	        1.173973E-04	        9.137048E-07	        1.560767E-06	        1.121395E-09	        9.665014E-14	        7.611619E-10	        2.299143E-04	        3.463368E-07	        7.877297E-05	        1.963129E-03	        2.349033E-03	        7.002593E-04	        2.601369E-07	        5.537340E-07	        1.063201E-05	        2.395857E-05	        1.135854E-07	        5.237863E-04	        1.137436E-04	        8.613498E-06	        1.153006E-03	        1.091955E-05	        1.408191E-07	        7.104011E-13	        1.772727E-11	        6.107336E-05	        2.021594E-04	        4.204123E-04	        1.085384E-05	        9.042040E-06	        6.323509E-10	        0.000000E+00	        0.000000E+00	        0.000000E+00	        0.000000E+00	        0.000000E+00	        0.000000E+00	        0.000000E+00	       -1.762031E-02	       -6.251781E-03	        1.979283E-06	       -1.583311E-03	        9.568279E-03	       -2.965845E-03	        0.000000E+00	        8.658963E-05	        4.338739E-06	        1.022522E-02	        8.372043E-04	       -1.975384E-05	       -2.991740E-07	       -5.891522E-08	       -6.694029E-06	       -1.224212E-01	        1.181640E-03	       -1.671992E-04	       -1.551937E-05	        3.808669E-03	       -1.568164E-01	       -4.328436E-07	        5.337983E-05	       -7.737014E-06	       -1.966621E-07	       -2.531031E-02	       -1.259899E-06	        1.484624E-02	        2.051539E-02	       -3.035737E-05	       -6.079747E-04	        1.797194E-04	        1.814558E-04	       -1.002660E-05	       -6.957585E-12	        8.235903E-08	        2.347488E-02	        3.853802E-05	        9.231545E-03	       -4.550079E-02	        7.803181E-02	        1.270604E-02	       -4.722057E-05	       -4.252346E-04	        3.739298E-04	        2.410970E-03	       -7.052773E-05	        1.579539E-02	       -6.493071E-03	        6.637055E-05	       -6.904867E-04	        1.844819E-03	        2.526232E-05	       -5.141760E-10	       -1.206672E-07	        3.011373E-07	       -2.022512E-06	        2.912968E-02	       -3.384729E-03	        8.238858E-04	        4.770275E-08	        1.259696E+03	        3.257345E+05	        2.261123E-01	        4.805745E+07	        7.321267E-01	        2.550960E-04	        1.604558E+03	        1.023883E+03
        9.137385E-04	        1.728541E-01	        8.464188E-18	        3.820561E-23	        0.000000E+00	        4.093819E-18	        2.407726E-17	        2.909656E-17	        4.457279E-07	        8.449620E-04	        4.260246E-09	        5.992939E-07	        3.667323E-03	        2.254920E-01	        0.000000E+00	        6.950424E-07	        2.363255E-08	        1.144026E-01	        9.891369E-02	        2.104548E-07	        8.102253E-11	        1.261630E-11	        4.347641E-08	        1.228587E-04	        3.782449E-05	        9.747424E-07	        2.883428E-09	        3.198697E-04	        3.231607E-01	        1.398221E-10	        7.013516E-06	        1.406385E-08	        9.603140E-10	        5.071910E-02	        9.017980E-09	        2.005715E-05	        7.113404E-04	        2.511274E-07	        1.294515E-04	        7.157839E-07	        1.557330E-06	        2.654446E-09	        1.109786E-13	        8.149010E-10	        2.447945E-04	        3.544168E-07	        8.111360E-05	        2.181125E-03	        2.553207E-03	        7.663612E-04	        2.245665E-07	        8.166290E-07	        1.044063E-05	        2.457718E-05	        1.564188E-07	        5.665355E-04	        1.281244E-04	        9.406761E-06	        1.270292E-03	        1.114430E-05	        1.500986E-07	        4.656684E-13	        4.996140E-11	        6.725329E-05	        2.226171E-04	        4.376696E-04	        6.567156E-06	        8.598932E-06	        6.295750E-10	        0.000000E+00	        0.000000E+00	        0.000000E+00	        0.000000E+00	        0.000000E+00	        0.000000E+00	        0.000000E+00	       -2.337611E-02	       -6.587248E-03	        4.926972E-07	       -2.657740E-03	        3.345571E-02	       -4.631503E-03	        0.000000E+00	        7.359649E-05	        5.214075E-06	        1.311951E-02	        1.343197E-03	       -5.841642E-05	       -5.550819E-07	       -1.163730E-07	       -5.228475E-05	       -1.611887E-01	        1.061203E-03	       -3.098020E-04	       -4.020526E-05	        4.544251E-03	       -1.938449E-01	       -9.813105E-07	        6.385606E-05	       -1.134249E-05	       -3.408888E-07	       -4.241314E-02	       -1.319807E-06	        1.585718E-02	        2.526634E-02	       -3.821196E-05	       -1.126194E-03	       -1.614852E-05	        2.006429E-04	       -2.371513E-05	       -1.279652E-11	        1.155831E-07	        3.130931E-02	        4.694625E-05	        1.092679E-02	       -6.415990E-02	        1.123883E-01	        1.990829E-02	       -4.501014E-05	       -5.733220E-04	        2.080833E-04	        2.840776E-03	       -1.008771E-04	        2.136127E-02	       -9.174623E-03	        4.744669E-05	        8.787168E-04	        2.149842E-03	        2.980000E-05	       -4.195473E-10	       -2.663400E-07	        9.795690E-07	       -2.369358E-06	        3.417006E-02	       -6.717177E-03	        1.657263E-04	        3.525879E-08	        1.311333E+03	        2.919059E+05	        2.177134E-01	        6.084971E+07	        7.050201E-01	        2.756000E-04	        1.768751E+03	        1.034233E+03
        9.289675E-04	        1.889417E-01	        8.134519E-18	        4.017409E-23	        0.000000E+00	        3.936367E-18	        2.314885E-17	        2.796289E-17	        7.199244E-07	        9.281456E-04	        4.402607E-09	        1.012257E-06	        4.008493E-03	        2.215367E-01	        0.000000E+00	        6.912390E-07	        2.356031E-08	        1.197392E-01	        1.014180E-01	        2.172106E-07	        1.393650E-10	        2.438927E-11	        4.791275E-08	        1.629410E-04	        4.069015E-05	        1.146629E-06	        8.593262E-09	        3.466895E-04	        3.052876E-01	        2.395149E-10	        7.626733E-06	        1.879441E-08	        1.109767E-09	        4.734954E-02	        8.094877E-09	        1.943113E-05	        7.685592E-04	        2.808208E-07	        1.418357E-04	        5.179047E-07	        1.521066E-06	        6.497404E-09	        1.276059E-13	        8.508574E-10	        2.563736E-04	        3.549224E-07	        8.177886E-05	        2.411208E-03	        2.743298E-03	        8.303519E-04	        1.953968E-07	        1.191482E-06	        1.020353E-05	        2.477097E-05	        2.147745E-07	        6.057068E-04	        1.439842E-04	        1.020068E-05	        1.388918E-03	        1.096475E-05	        1.549575E-07	        3.066206E-13	        1.310630E-10	        7.351207E-05	        2.433377E-04	        4.482929E-04	        3.548013E-06	        8.117518E-06	        6.165487E-10	        0.000000E+00	        0.000000E+00	        0.000000E+00	        0.000000E+00	        0.000000E+00	        0.000000E+00	        0.000000E+00	       -3.112166E-02	       -6.875502E-03	       -2.550230E-06	       -4.466208E-03	        7.611946E-02	       -7.295703E-03	        0.000000E+00	        5.023236E-05	        5.626210E-06	        1.748144E-02	        2.148351E-03	       -1.026403E-04	       -1.048726E-06	       -2.764763E-07	       -1.393791E-04	       -2.048246E-01	        7.126527E-04	       -4.995864E-04	       -1.139091E-04	        5.379322E-03	       -2.509874E-01	       -2.350060E-06	        8.338593E-05	       -1.656781E-05	       -5.285765E-07	       -7.025294E-02	       -1.050607E-06	        1.147345E-02	        2.946263E-02	       -5.272896E-05	       -1.900567E-03	       -2.004816E-04	        2.199607E-04	       -6.655408E-05	       -1.174684E-11	        1.495918E-07	        4.042744E-02	        5.558503E-05	        1.194360E-02	       -8.630667E-02	        1.572065E-01	        2.991755E-02	       -3.594214E-05	       -6.739275E-04	        8.531235E-05	        3.183326E-03	       -1.433941E-04	        3.033309E-02	       -1.280182E-02	        1.084279E-05	        5.149648E-03	        1.956612E-03	        2.654257E-05	       -2.959521E-10	       -6.223501E-07	        3.076701E-06	        3.310331E-06	        4.020510E-02	       -6.737092E-03	       -4.779055E-04	        2.150537E-08	        1.364794E+03	        2.576749E+05	        2.096754E-01	        7.621148E+07	        6.775661E-01	        2.977271E-04	        1.944561E+03	        1.043340E+03
        9.441964E-04	        2.051072E-01	        7.803253E-18	        4.192422E-23	        0.000000E+00	        3.778075E-18	        2.221591E-17	        2.682380E-17	        1.107312E-06	        1.012517E-03	        4.691145E-09	        1.698070E-06	        4.350770E-03	        2.175627E-01	        0.000000E+00	        6.815051E-07	        2.280534E-08	        1.250999E-01	        1.039341E-01	        2.346195E-07	        2.429062E-10	        4.905428E-11	        5.934203E-08	        2.141989E-04	        4.349340E-05	        1.392440E-06	        2.449752E-08	        3.728329E-04	        2.873511E-01	        4.572383E-10	        8.233397E-06	        2.538132E-08	        1.318437E-09	        4.396766E-02	        7.343497E-09	        1.769557E-05	        8.231082E-04	        3.161223E-07	        1.545649E-04	        3.498381E-07	        1.450075E-06	        1.653844E-08	        1.461865E-13	        8.640037E-10	        2.636741E-04	        3.466901E-07	        8.065517E-05	        2.654427E-03	        2.911851E-03	        8.903788E-04	        1.713498E-07	        1.690873E-06	        9.948231E-06	        2.449948E-05	        2.938766E-07	        6.394353E-04	        1.616578E-04	        1.099636E-05	        1.507200E-03	        1.042803E-05	        1.559525E-07	        2.070379E-13	        3.214135E-10	        7.980011E-05	        2.641579E-04	        4.512128E-04	        1.789483E-06	        7.724232E-06	        5.974691E-10	        0.000000E+00	        0.000000E+00	        0.000000E+00	        0.000000E+00	        0.000000E+00	        0.000000E+00	        0.000000E+00	       -4.274042E-02	       -7.290156E-03	       -7.381490E-06	       -7.374180E-03	        1.437511E-01	       -1.150739E-02	        0.000000E+00	        1.962941E-05	        5.279079E-06	        2.406504E-02	        3.390916E-03	       -1.538463E-04	       -2.013258E-06	       -6.947722E-07	       -2.912185E-04	       -2.529655E-01	        1.373856E-04	       -7.372221E-04	       -3.036890E-04	        6.472131E-03	       -3.400825E-01	       -5.342750E-06	        1.194152E-04	       -2.504301E-05	       -8.415528E-07	       -1.110836E-01	       -8.087645E-07	        4.745215E-03	        3.348699E-02	       -7.977631E-05	       -2.940667E-03	       -2.962163E-04	        2.399417E-04	       -1.875866E-04	       -1.191023E-11	        1.370355E-07	        5.018026E-02	        6.299621E-05	        1.217269E-02	       -1.101755E-01	        2.132034E-01	        4.327780E-02	       -2.847493E-05	       -6.449447E-04	        7.820997E-06	        3.308626E-03	       -2.026096E-04	        4.468389E-02	       -1.759484E-02	       -4.606002E-05	        1.381639E-02	        1.234269E-03	        1.567325E-05	       -2.025137E-10	       -1.391394E-06	        9.203780E-06	        3.293141E-05	        4.735830E-02	       -4.688717E-03	       -9.218566E-04	        1.151462E-08	        1.419770E+03	        2.232844E+05	        2.020283E-01	        9.439626E+07	        6.499790E-01	        3.214620E-04	        2.104882E+03	        1.044656E+03
        9.594254E-04	        2.212355E-01	        7.472755E-18	        4.344529E-23	        0.000000E+00	        3.620075E-18	        2.128507E-17	        2.568741E-17	        1.641546E-06	        1.097494E-03	        5.383996E-09	        2.812370E-06	        4.691263E-03	        2.135985E-01	        0.000000E+00	        6.695720E-07	        2.143634E-08	        1.304460E-01	        1.064439E-01	        2.672975E-07	        4.291317E-10	        1.046806E-10	        8.475310E-08	        2.783809E-04	        4.627603E-05	        1.741409E-06	        6.643195E-08	        3.979830E-04	        2.694864E-01	        9.314581E-10	        8.825538E-06	        3.461818E-08	        1.616186E-09	        4.059970E-02	        6.724294E-09	        1.552390E-05	        8.743095E-04	        3.592929E-07	        1.676886E-04	        2.258846E-07	        1.342999E-06	        4.330618E-08	        1.665650E-13	        8.568708E-10	        2.657832E-04	        3.289506E-07	        7.777749E-05	        2.911841E-03	        3.050722E-03	        9.443210E-04	        1.513689E-07	        2.302058E-06	        9.692015E-06	        2.376259E-05	        4.006025E-07	        6.651063E-04	        1.815863E-04	        1.179873E-05	        1.622838E-03	        9.676396E-06	        1.547376E-07	        1.473205E-13	        7.453726E-10	        8.607054E-05	        2.849217E-04	        4.453413E-04	        8.885375E-07	        7.499666E-06	        5.753491E-10	        0.000000E+00	        0.000000E+00	        0.000000E+00	        0.000000E+00	        0.000000E+00	        0.000000E+00	        0.000000E+00	       -6.077295E-02	       -8.061314E-03	       -1.465407E-05	       -1.200154E-02	        2.435699E-01	       -1.794647E-02	        0.000000E+00	       -1.365803E-05	        4.049342E-06	        3.399013E-02	        5.254268E-03	       -2.205271E-04	       -3.923701E-06	       -1.751049E-06	       -5.519535E-04	       -3.046210E-01	       -6.584897E-04	       -1.029677E-03	       -7.433425E-04	        8.070430E-03	       -4.718076E-01	       -1.163742E-05	        1.815055E-04	       -3.895399E-05	       -1.356362E-06	       -1.668481E-01	       -6.316616E-07	       -6.237903E-04	        3.838746E-02	       -1.146585E-04	       -4.216002E-03	       -2.891774E-04	        2.541518E-04	       -5.112619E-04	       -1.326507E-11	        1.007656E-07	        5.947085E-02	        6.692106E-05	        1.172463E-02	       -1.331511E-01	        2.800789E-01	        6.073154E-02	       -2.341483E-05	       -3.588821E-04	       -3.389020E-05	        3.145136E-03	       -2.847238E-04	        6.612736E-02	       -2.379953E-02	       -1.261837E-04	        2.850637E-02	        3.309868E-04	        2.065049E-06	       -1.357946E-10	       -3.010535E-06	        2.593291E-05	        1.349247E-04	        5.499637E-02	       -2.613814E-03	       -1.099242E-03	        5.843060E-09	        1.475954E+03	        1.889588E+05	        1.947887E-01	        1.154698E+08	        6.224555E-01	        3.467770E-04	        2.245687E+03	        1.038900E+03
        9.746544E-04	        2.372231E-01	        7.145141E-18	        4.473321E-23	        0.000000E+00	        3.463385E-18	        2.036231E-17	        2.456099E-17	        2.373232E-06	        1.182580E-03	        6.844320E-09	        4.590369E-06	        5.027167E-03	        2.096700E-01	        0.000000E+00	        6.592302E-07	        1.962485E-08	        1.357423E-01	        1.089310E-01	        3.208034E-07	        7.692201E-10	        2.350351E-10	        1.354864E-07	        3.571139E-04	        4.909963E-05	        2.226718E-06	        1.693866E-07	        4.217945E-04	        2.518180E-01	        1.940112E-09	        9.393329E-06	        4.776299E-08	        2.050216E-09	        3.726994E-02	        6.208507E-09	        1.342683E-05	        9.215115E-04	        4.130810E-07	        1.812826E-04	        1.440798E-07	        1.199918E-06	        1.137613E-07	        1.887599E-13	        8.354750E-10	        2.619739E-04	        3.016295E-07	        7.329709E-05	        3.184168E-03	        3.151361E-03	        9.897651E-04	        1.347353E-07	        2.968380E-06	        9.444301E-06	        2.260594E-05	        5.439929E-07	        6.791919E-04	        2.043288E-04	        1.261662E-05	        1.732758E-03	        8.875550E-06	        1.532536E-07	        1.136893E-13	        1.652847E-09	        9.227791E-05	        3.054714E-04	        4.297062E-04	        4.532265E-07	        7.469577E-06	        5.519161E-10	        0.000000E+00	        0.000000E+00	        0.000000E+00	        0.000000E+00	        0.000000E+00	        0.000000E+00	        0.000000E+00	       -8.783357E-02	       -9.472034E-03	       -2.622218E-05	       -1.927221E-02	        3.844069E-01	       -2.748490E-02	        0.000000E+00	       -4.559445E-05	        2.112147E-06	        4.893557E-02	        7.965529E-03	       -3.162920E-04	       -7.755314E-06	       -4.337764E-06	       -9.960983E-04	       -3.566642E-01	       -1.692746E-03	       -1.393041E-03	       -1.622442E-03	        1.044035E-02	       -6.523945E-01	       -2.444426E-05	        2.804862E-04	       -6.130530E-05	       -2.173413E-06	       -2.400108E-01	       -4.981256E-07	       -3.455290E-03	        4.554937E-02	       -1.502042E-04	       -5.649482E-03	       -2.227556E-04	        2.428155E-04	       -1.303356E-03	       -1.552577E-11	        6.831583E-08	        6.678730E-02	        6.431820E-05	        1.075772E-02	       -1.513227E-01	        3.557011E-01	        8.308706E-02	       -2.007541E-05	        2.720772E-04	       -4.482195E-05	        2.703055E-03	       -3.983325E-04	        9.537893E-02	       -3.167392E-02	       -2.339745E-04	        5.023202E-02	       -3.168089E-04	       -9.497009E-06	       -9.089439E-11	       -6.323762E-06	        6.784838E-05	        4.186506E-04	        6.167410E-02	       -1.304652E-03	       -1.014654E-03	        2.998359E-09	        1.533048E+03	        1.549005E+05	        1.879621E-01	        1.390401E+08	        5.951721E-01	        3.736316E-04	        2.363943E+03	        1.026883E+03
        9.898834E-04	        2.529799E-01	        6.822260E-18	        4.578932E-23	        0.000000E+00	        3.308895E-18	        1.945282E-17	        2.345090E-17	        3.375538E-06	        1.267401E-03	        9.615956E-09	        7.383649E-06	        5.355759E-03	        2.057998E-01	        0.000000E+00	        6.538172E-07	        1.761136E-08	        1.409578E-01	        1.113811E-01	        4.026861E-07	        1.400234E-09	        5.428635E-10	        2.298623E-07	        4.517408E-04	        5.204389E-05	        2.886541E-06	        3.998290E-07	        4.438682E-04	        2.344587E-01	        4.023169E-09	        9.924377E-06	        6.676037E-08	        2.692195E-09	        3.400048E-02	        5.774575E-09	        1.165684E-05	        9.639734E-04	        4.799561E-07	        1.954345E-04	        9.390895E-08	        1.024931E-06	        2.909806E-07	        2.129053E-13	        8.050393E-10	        2.518414E-04	        2.656953E-07	        6.744365E-05	        3.471333E-03	        3.205285E-03	        1.023981E-03	        1.209606E-07	        3.580952E-06	        9.208146E-06	        2.111338E-05	        7.359425E-07	        6.772993E-04	        2.305703E-04	        1.346285E-05	        1.833106E-03	        8.137652E-06	        1.530298E-07	        9.701289E-14	        3.532373E-09	        9.837450E-05	        3.256259E-04	        4.037016E-04	        2.441554E-07	        7.610986E-06	        5.280776E-10	        0.000000E+00	        0.000000E+00	        0.000000E+00	        0.000000E+00	        0.000000E+00	        0.000000E+00	        0.000000E+00	       -1.269302E-01	       -1.189865E-02	       -4.581368E-05	       -3.048396E-02	        5.764603E-01	       -4.124245E-02	        0.000000E+00	       -7.379475E-05	       -7.475832E-08	        7.138999E-02	        1.177919E-02	       -4.553375E-04	       -1.551718E-05	       -1.048144E-05	       -1.735636E-03	       -4.027107E-01	       -3.009555E-03	       -1.852142E-03	       -3.095456E-03	        1.378456E-02	       -8.770808E-01	       -4.960378E-05	        4.271486E-04	       -9.636261E-05	       -3.432580E-06	       -3.343411E-01	       -3.867848E-07	       -4.401892E-03	        5.643432E-02	       -1.804804E-04	       -7.101400E-03	       -1.476891E-04	        1.748380E-04	       -3.020104E-03	       -1.835120E-11	        5.312346E-08	        7.032637E-02	        5.219475E-05	        9.357467E-03	       -1.587298E-01	        4.352008E-01	        1.107647E-01	       -1.773554E-05	        1.098930E-03	       -1.983730E-05	        2.059643E-03	       -5.554648E-04	        1.306720E-01	       -4.144382E-02	       -3.756685E-04	        7.832266E-02	       -5.390238E-04	       -1.655138E-05	       -6.246475E-11	       -1.287444E-05	        1.622438E-04	        1.086298E-03	        6.526257E-02	       -6.281189E-04	       -6.879675E-04	        1.627291E-09	        1.590762E+03	        1.212891E+05	        1.815455E-01	        1.636738E+08	        5.682826E-01	        4.019724E-04	        2.457676E+03	        1.009459E+03
        1.005112E-03	        2.684288E-01	        6.505688E-18	        4.661928E-23	        0.000000E+00	        3.157362E-18	        1.856105E-17	        2.236254E-17	        4.749682E-06	        1.351729E-03	        1.457579E-08	        1.170840E-05	        5.674378E-03	        2.020074E-01	        0.000000E+00	        6.559612E-07	        1.564497E-08	        1.460652E-01	        1.137818E-01	        5.233909E-07	        2.589093E-09	        1.262136E-09	        3.968741E-07	        5.630423E-04	        5.520707E-05	        3.765952E-06	        8.627973E-07	        4.637382E-04	        2.175083E-01	        8.194132E-09	        1.040318E-05	        9.453537E-08	        3.647525E-09	        3.081130E-02	        5.404770E-09	        1.028564E-05	        1.000763E-03	        5.615710E-07	        2.102233E-04	        6.416651E-08	        8.297995E-07	        7.053085E-07	        2.391886E-13	        7.681954E-10	        2.354374E-04	        2.234217E-07	        6.049990E-05	        3.771855E-03	        3.204814E-03	        1.043952E-03	        1.096834E-07	        4.009874E-06	        8.980005E-06	        1.939117E-05	        9.921504E-07	        6.546260E-04	        2.611234E-04	        1.435467E-05	        1.919498E-03	        7.498378E-06	        1.548900E-07	        9.156253E-14	        7.307146E-09	        1.043033E-04	        3.451405E-04	        3.674053E-04	        1.411725E-07	        7.861356E-06	        5.043159E-10	        0.000000E+00	        0.000000E+00	        0.000000E+00	        0.000000E+00	        0.000000E+00	        0.000000E+00	        0.000000E+00	       -1.818699E-01	       -1.588346E-02	       -8.014920E-05	       -4.740935E-02	        8.311318E-01	       -6.058369E-02	        0.000000E+00	       -9.755903E-05	       -1.962909E-06	        1.049860E-01	        1.692760E-02	       -6.517045E-04	       -3.133782E-05	       -2.458698E-05	       -2.925457E-03	       -4.328786E-01	       -4.663418E-03	       -2.439970E-03	       -5.186283E-03	        1.816850E-02	       -1.123024E+00	       -9.716847E-05	        6.297959E-04	       -1.501174E-04	       -5.325933E-06	       -4.554895E-01	       -2.856911E-07	       -4.436038E-03	        7.241037E-02	       -1.995117E-04	       -8.352037E-03	       -9.016545E-05	        3.019543E-05	       -6.178954E-03	       -2.160382E-11	        5.641404E-08	        6.827394E-02	        2.956265E-05	        7.520819E-03	       -1.467543E-01	        5.103534E-01	        1.430451E-01	       -1.581232E-05	        1.689010E-03	        5.416447E-05	        1.337634E-03	       -7.730142E-04	        1.652812E-01	       -5.321341E-02	       -5.584131E-04	        1.095565E-01	       -4.778714E-04	       -1.832984E-05	       -4.549683E-11	       -2.531439E-05	        3.505152E-04	        2.431893E-03	        6.322877E-02	       -3.028053E-04	       -1.415232E-04	        9.605846E-10	        1.648826E+03	        8.828002E+04	        1.755298E-01	        1.862467E+08	        5.419184E-01	        4.317337E-04	        2.525952E+03	        9.874814E+02
        1.020341E-03	        2.835062E-01	        6.196734E-18	        4.723210E-23	        0.000000E+00	        3.009419E-18	        1.769068E-17	        2.130042E-17	        6.631399E-06	        1.435528E-03	        2.319785E-08	        1.830688E-05	        5.980391E-03	        1.983095E-01	        0.000000E+00	        6.675495E-07	        1.392278E-08	        1.510412E-01	        1.161225E-01	        6.969614E-07	        4.859357E-09	        2.908078E-09	        6.808823E-07	        6.908596E-04	        5.870711E-05	        4.919432E-06	        1.697448E-06	        4.808778E-04	        2.010519E-01	        1.628422E-08	        1.081096E-05	        1.353809E-07	        5.067301E-09	        2.772038E-02	        5.083486E-09	        9.301238E-06	        1.030676E-03	        6.583216E-07	        2.256917E-04	        4.658511E-08	        6.354387E-07	        1.584128E-06	        2.678226E-13	        7.250692E-10	        2.133737E-04	        1.783206E-07	        5.278987E-05	        4.082051E-03	        3.144055E-03	        1.046541E-03	        1.005928E-07	        4.174114E-06	        8.748397E-06	        1.754838E-05	        1.333428E-06	        6.071155E-04	        2.969125E-04	        1.531405E-05	        1.987639E-03	        6.946449E-06	        1.589258E-07	        9.389722E-14	        1.465297E-08	        1.099881E-04	        3.636545E-04	        3.218959E-04	        8.806953E-08	        8.127858E-06	        4.809045E-10	        0.000000E+00	        0.000000E+00	        0.000000E+00	        0.000000E+00	        0.000000E+00	        0.000000E+00	        0.000000E+00	       -2.572989E-01	       -2.221482E-02	       -1.412497E-04	       -7.244988E-02	        1.162592E+00	       -8.699818E-02	        0.000000E+00	       -1.172858E-04	       -3.174593E-06	        1.549237E-01	        2.351368E-02	       -9.248110E-04	       -6.362019E-05	       -5.578992E-05	       -4.767772E-03	       -4.345305E-01	       -6.696050E-03	       -3.199518E-03	       -7.883706E-03	        2.346120E-02	       -1.347983E+00	       -1.834340E-04	        8.902888E-04	       -2.305186E-04	       -8.101514E-06	       -6.114228E-01	       -1.905326E-07	       -4.192893E-03	        9.448177E-02	       -1.997468E-04	       -9.098442E-03	       -5.368048E-05	       -1.600664E-04	       -1.076003E-02	       -2.512761E-11	        7.238680E-08	        5.929631E-02	       -4.981315E-07	        5.204594E-03	       -1.042029E-01	        5.696525E-01	        1.771885E-01	       -1.373010E-05	        1.707289E-03	        1.918577E-04	        6.770376E-04	       -1.074646E-03	        1.850796E-01	       -6.681328E-02	       -7.883464E-04	        1.391789E-01	       -3.497830E-04	       -1.447812E-05	       -3.565965E-11	       -4.787433E-05	        6.830516E-04	        4.781041E-03	        5.322160E-02	       -1.483021E-04	        5.819803E-04	        6.248066E-10	        1.706989E+03	        5.600564E+04	        1.699011E-01	        2.015570E+08	        5.161883E-01	        4.628378E-04	        2.568782E+03	        9.617752E+02
        1.035570E-03	        2.981605E-01	        5.896450E-18	        4.763925E-23	        0.000000E+00	        2.865574E-18	        1.684468E-17	        2.026814E-17	        9.198211E-06	        1.518998E-03	        3.800745E-08	        2.822580E-05	        6.271149E-03	        1.947198E-01	        0.000000E+00	        6.898264E-07	        1.255613E-08	        1.558652E-01	        1.183946E-01	        9.420130E-07	        9.239970E-09	        6.574306E-09	        1.147194E-06	        8.336780E-04	        6.268095E-05	        6.414031E-06	        3.070099E-06	        4.947306E-04	        1.851571E-01	        3.146783E-08	        1.112613E-05	        1.954339E-07	        7.162559E-09	        2.474410E-02	        4.796711E-09	        8.667090E-06	        1.052209E-03	        7.688735E-07	        2.418142E-04	        3.607110E-08	        4.665934E-07	        3.235395E-06	        2.990170E-13	        6.742791E-10	        1.868562E-04	        1.345474E-07	        4.467306E-05	        4.395123E-03	        3.020067E-03	        1.028860E-03	        9.336175E-08	        4.085687E-06	        8.492685E-06	        1.567817E-05	        1.787493E-06	        5.335165E-04	        3.389301E-04	        1.636773E-05	        2.034045E-03	        6.460827E-06	        1.645401E-07	        1.019575E-13	        2.847389E-08	        1.153227E-04	        3.806412E-04	        2.694729E-04	        5.885435E-08	        8.298987E-06	        4.580112E-10	        0.000000E+00	        0.000000E+00	        0.000000E+00	        0.000000E+00	        0.000000E+00	        0.000000E+00	        0.000000E+00	       -3.580985E-01	       -3.198748E-02	       -2.509398E-04	       -1.087651E-01	        1.590074E+00	       -1.219394E-01	        0.000000E+00	       -1.339174E-04	       -3.656332E-06	        2.284852E-01	        3.132071E-02	       -1.301441E-03	       -1.291665E-04	       -1.221233E-04	       -7.515358E-03	       -3.939707E-01	       -9.111273E-03	       -4.188901E-03	       -1.133338E-02	        2.931219E-02	       -1.499823E+00	       -3.330380E-04	        1.199360E-03	       -3.470355E-04	       -1.204815E-05	       -8.125465E-01	       -1.014161E-07	       -3.913772E-03	        1.227649E-01	       -1.723089E-04	       -8.973894E-03	       -3.248222E-05	       -3.032456E-04	       -1.508583E-02	       -2.801785E-11	        9.063983E-08	        4.317348E-02	       -3.075582E-05	        2.401028E-03	       -1.855250E-02	        5.994562E-01	        2.078259E-01	       -1.083596E-05	        1.271654E-03	        3.986105E-04	        1.932740E-04	       -1.493165E-03	        1.695549E-01	       -8.157071E-02	       -1.067456E-03	        1.634989E-01	       -2.426221E-04	       -4.603179E-06	       -2.917718E-11	       -8.669361E-05	        1.211357E-03	        8.404309E-03	        3.401219E-02	       -7.406714E-05	        1.388430E-03	        4.468687E-10	        1.765028E+03	        2.457602E+04	        1.646422E-01	        2.027250E+08	        4.911802E-01	        4.951972E-04	        2.586993E+03	        9.331101E+02
        1.050799E-03	        3.123517E-01	        5.605658E-18	        4.785386E-23	        0.000000E+00	        2.726224E-18	        1.602536E-17	        1.926852E-17	        1.267556E-05	        1.602642E-03	        6.337863E-08	        4.291304E-05	        6.543913E-03	        1.912496E-01	        0.000000E+00	        7.235424E-07	        1.157432E-08	        1.605191E-01	        1.205911E-01	        1.283071E-06	        1.774427E-08	        1.449258E-08	        1.888378E-06	        9.882560E-04	        6.728080E-05	        8.333557E-06	        5.178698E-06	        5.047605E-04	        1.698718E-01	        5.900550E-08	        1.132577E-05	        2.831767E-07	        1.021880E-08	        2.189768E-02	        4.532101E-09	        8.343781E-06	        1.063600E-03	        8.896891E-07	        2.584636E-04	        2.973051E-08	        3.397835E-07	        5.913607E-06	        3.328600E-13	        6.143643E-10	        1.576100E-04	        9.588341E-08	        3.653517E-05	        4.700292E-03	        2.834016E-03	        9.888636E-04	        8.758186E-08	        3.821642E-06	        8.183659E-06	        1.384526E-05	        2.391378E-06	        4.379859E-04	        3.881464E-04	        1.754661E-05	        2.056500E-03	        6.024590E-06	        1.704965E-07	        1.143449E-13	        5.354072E-08	        1.201623E-04	        3.953807E-04	        2.136521E-04	        4.136392E-08	        8.262228E-06	        4.357453E-10	        0.000000E+00	        0.000000E+00	        0.000000E+00	        0.000000E+00	        0.000000E+00	        0.000000E+00	        0.000000E+00	       -4.882184E-01	       -4.661063E-02	       -4.494654E-04	       -1.602559E-01	        2.137131E+00	       -1.667468E-01	        0.000000E+00	       -1.488774E-04	       -3.634676E-06	        3.356223E-01	        3.951738E-02	       -1.808093E-03	       -2.606786E-04	       -2.574439E-04	       -1.147435E-02	       -2.990565E-01	       -1.185041E-02	       -5.489314E-03	       -1.580830E-02	        3.519581E-02	       -1.540900E+00	       -5.804714E-04	        1.532953E-03	       -5.090242E-04	       -1.745708E-05	       -1.070866E+00	       -2.030242E-08	       -3.570747E-03	        1.557543E-01	       -1.088772E-04	       -7.586636E-03	       -2.033349E-05	       -3.199930E-04	       -1.541483E-02	       -2.818718E-11	        9.872190E-08	        2.131972E-02	       -5.286947E-05	       -7.827468E-04	        1.212977E-01	        5.864568E-01	        2.272318E-01	       -6.513893E-06	        7.424086E-04	        6.556117E-04	       -6.908093E-05	       -2.073065E-03	        1.021032E-01	       -9.600711E-02	       -1.388577E-03	        1.811350E-01	       -1.420818E-04	        1.114129E-05	       -2.259914E-11	       -1.497071E-04	        1.982829E-03	        1.345285E-02	        6.600205E-03	       -3.797095E-05	        2.107432E-03	        3.458445E-10	        1.822758E+03	       -5.919134E+03	        1.597338E-01	        1.835506E+08	        4.669623E-01	        5.287164E-04	        2.582172E+03	        9.022058E+02
        1.066028E-03	        3.260507E-01	        5.324954E-18	        4.789569E-23	        0.000000E+00	        2.591663E-18	        1.523440E-17	        1.830362E-17	        1.733737E-05	        1.687340E-03	        1.069398E-07	        6.431858E-05	        6.795790E-03	        1.879077E-01	        0.000000E+00	        7.691200E-07	        1.095444E-08	        1.649867E-01	        1.227069E-01	        1.751438E-06	        3.425682E-08	        3.102460E-08	        3.030682E-06	        1.149396E-03	        7.266470E-05	        1.078377E-05	        8.263483E-06	        5.105189E-04	        1.552232E-01	        1.071809E-07	        1.138822E-05	        4.097686E-07	        1.460576E-08	        1.919556E-02	        4.279202E-09	        8.287797E-06	        1.063008E-03	        1.014705E-06	        2.753813E-04	        2.593099E-08	        2.547561E-07	        9.563327E-06	        3.690742E-13	        5.452470E-10	        1.276783E-04	        6.474331E-08	        2.876692E-05	        4.982311E-03	        2.592108E-03	        9.261108E-04	        8.271197E-08	        3.466203E-06	        7.787878E-06	        1.208345E-05	        3.194337E-06	        3.316684E-04	        4.453430E-04	        1.888362E-05	        2.054128E-03	        5.622727E-06	        1.750326E-07	        1.297377E-13	        9.721242E-08	        1.243182E-04	        4.069660E-04	        1.588209E-04	        2.982561E-08	        7.930069E-06	        4.141802E-10	        0.000000E+00	        0.000000E+00	        0.000000E+00	        0.000000E+00	        0.000000E+00	        0.000000E+00	        0.000000E+00	       -6.492722E-01	       -6.776179E-02	       -8.107439E-04	       -2.312021E-01	        2.825989E+00	       -2.227583E-01	        0.000000E+00	       -1.645520E-04	       -3.445097E-06	        4.895236E-01	        4.624168E-02	       -2.484045E-03	       -5.193137E-04	       -5.215276E-04	       -1.698661E-02	       -1.429881E-01	       -1.477328E-02	       -7.213054E-03	       -2.146846E-02	        4.050793E-02	       -1.485666E+00	       -9.687209E-04	        1.850673E-03	       -7.224790E-04	       -2.453898E-05	       -1.396985E+00	        4.603258E-08	       -3.042435E-03	        1.897342E-01	       -6.002925E-06	       -4.574731E-03	       -1.314407E-05	       -2.360698E-04	       -8.754956E-03	       -2.370220E-11	        8.624589E-08	       -3.173531E-03	       -6.183959E-05	       -4.070940E-03	        3.207385E-01	        5.213515E-01	        2.269866E-01	       -5.914468E-07	        3.443050E-04	        9.063264E-04	       -1.629524E-04	       -2.872175E-03	       -9.395931E-03	       -1.075151E-01	       -1.727751E-03	        1.917735E-01	       -5.354007E-05	        3.080232E-05	       -1.310923E-11	       -2.453246E-04	        3.034768E-03	        1.989858E-02	       -2.495093E-02	       -2.068274E-05	        2.503928E-03	        2.821461E-10	        1.880039E+03	       -3.540517E+04	        1.551547E-01	        1.435240E+08	        4.435846E-01	        5.632969E-04	        2.556680E+03	        8.697488E+02
        1.081257E-03	        3.392385E-01	        5.054725E-18	        4.777967E-23	        0.000000E+00	        2.462078E-18	        1.447290E-17	        1.737475E-17	        2.349817E-05	        1.774420E-03	        1.820316E-07	        9.497642E-05	        7.023707E-03	        1.847008E-01	        0.000000E+00	        8.268801E-07	        1.065721E-08	        1.692526E-01	        1.247384E-01	        2.386583E-06	        6.609717E-08	        6.429547E-08	        4.739424E-06	        1.310019E-03	        7.898159E-05	        1.389905E-05	        1.260675E-05	        5.117098E-04	        1.412200E-01	        1.882930E-07	        1.129677E-05	        5.889500E-07	        2.077566E-08	        1.665154E-02	        4.030203E-09	        8.444234E-06	        1.048833E-03	        1.135503E-06	        2.921593E-04	        2.371945E-08	        1.994835E-07	        1.365958E-05	        4.068342E-13	        4.692090E-10	        9.910720E-05	        4.173541E-08	        2.172638E-05	        5.221788E-03	        2.305833E-03	        8.424531E-04	        7.808587E-08	        3.079065E-06	        7.276979E-06	        1.040447E-05	        4.261160E-06	        2.305681E-04	        5.108624E-04	        2.040945E-05	        2.027306E-03	        5.242846E-06	        1.761657E-07	        1.464906E-13	        1.700147E-07	        1.275579E-04	        4.143509E-04	        1.094852E-04	        2.152421E-08	        7.270543E-06	        3.933633E-10	        0.000000E+00	        0.000000E+00	        0.000000E+00	        0.000000E+00	        0.000000E+00	        0.000000E+00	        0.000000E+00	       -8.394367E-01	       -9.742114E-02	       -1.465794E-03	       -3.255040E-01	        3.669406E+00	       -2.915943E-01	        0.000000E+00	       -1.846022E-04	       -3.373087E-06	        7.071790E-01	        4.811309E-02	       -3.424930E-03	       -1.013446E-03	       -1.010969E-03	       -2.435675E-02	        7.100511E-02	       -1.765796E-02	       -9.507974E-03	       -2.815903E-02	        4.466746E-02	       -1.420338E+00	       -1.540091E-03	        2.098583E-03	       -9.849967E-04	       -3.327047E-05	       -1.794573E+00	        9.188198E-08	       -2.299921E-03	        2.189576E-01	        1.299893E-04	        3.081707E-04	       -8.812695E-06	       -1.413469E-04	        1.498655E-03	       -1.400502E-11	        5.013604E-08	       -2.615743E-02	       -5.830212E-05	       -7.026713E-03	        5.741645E-01	        4.030058E-01	        2.009626E-01	        6.157970E-06	        1.054171E-04	        1.057518E-03	       -2.193173E-04	       -3.960852E-03	       -1.198312E-01	       -1.121596E-01	       -2.034645E-03	        1.947354E-01	       -1.792759E-05	        4.970377E-05	        3.055541E-13	       -3.787294E-04	        4.380327E-03	        2.744207E-02	       -5.363804E-02	       -1.302133E-05	        2.358923E-03	        2.353276E-10	        1.936768E+03	       -6.385246E+04	        1.508841E-01	        9.245712E+07	        4.210790E-01	        5.988314E-04	        2.513106E+03	        8.363297E+02
        1.096486E-03	        3.519044E-01	        4.795195E-18	        4.752093E-23	        0.000000E+00	        2.337581E-18	        1.374149E-17	        1.648268E-17	        3.150257E-05	        1.865744E-03	        3.120058E-07	        1.380778E-04	        7.224352E-03	        1.816337E-01	        0.000000E+00	        8.973853E-07	        1.065479E-08	        1.733007E-01	        1.266844E-01	        3.241770E-06	        1.267070E-07	        1.287199E-07	        7.223391E-06	        1.461651E-03	        8.635645E-05	        1.785340E-05	        1.851692E-05	        5.082212E-04	        1.278623E-01	        3.194899E-07	        1.104304E-05	        8.364516E-07	        2.924857E-08	        1.427924E-02	        3.780399E-09	        8.747936E-06	        1.020064E-03	        1.242199E-06	        3.082412E-04	        2.253130E-08	        1.617603E-07	        1.749740E-05	        4.447832E-13	        3.908513E-10	        7.360747E-05	        2.598082E-08	        1.569401E-05	        5.396462E-03	        1.991055E-03	        7.422435E-04	        7.301890E-08	        2.693943E-06	        6.640037E-06	        8.814184E-06	        5.676820E-06	        1.488648E-04	        5.843166E-04	        2.214618E-05	        1.977496E-03	        4.880260E-06	        1.722175E-07	        1.625621E-13	        2.857666E-07	        1.296093E-04	        4.164282E-04	        6.926017E-05	        1.525668E-08	        6.328201E-06	        3.733251E-10	        0.000000E+00	        0.000000E+00	        0.000000E+00	        0.000000E+00	        0.000000E+00	        0.000000E+00	        0.000000E+00	       -1.054079E+00	       -1.382278E-01	       -2.632107E-03	       -4.459288E-01	        4.666023E+00	       -3.755262E-01	        0.000000E+00	       -2.131543E-04	       -3.598424E-06	        1.010402E+00	        3.980113E-02	       -4.751184E-03	       -1.923939E-03	       -1.863583E-03	       -3.373447E-02	        3.275098E-01	       -2.023669E-02	       -1.255477E-02	       -3.534737E-02	        4.723907E-02	       -1.452554E+00	       -2.323927E-03	        2.219308E-03	       -1.282472E-03	       -4.330572E-05	       -2.255268E+00	        1.109538E-07	       -1.548131E-03	        2.370868E-01	        2.832511E-04	        7.103087E-03	       -6.516862E-06	       -8.265916E-05	        6.143495E-03	        7.408614E-13	       -4.538871E-10	       -4.365048E-02	       -4.720595E-05	       -9.155864E-03	        8.606637E-01	        2.414818E-01	        1.486445E-01	        1.189026E-05	       -1.747752E-05	        1.011936E-03	       -3.774784E-04	       -5.417887E-03	       -1.736231E-01	       -1.048128E-01	       -2.226125E-03	        1.896510E-01	       -4.302846E-05	        6.154189E-05	        1.597773E-11	       -5.476379E-04	        5.986660E-03	        3.542441E-02	       -7.155611E-02	       -1.018191E-05	        1.621836E-03	        1.952185E-10	        1.992867E+03	       -9.124333E+04	        1.469019E-01	        4.732263E+07	        3.994642E-01	        6.352022E-04	        2.453974E+03	        8.024230E+02
        1.111715E-03	        3.640441E-01	        4.546447E-18	        4.713470E-23	        0.000000E+00	        2.218216E-18	        1.304041E-17	        1.562770E-17	        4.170765E-05	        1.963819E-03	        5.369798E-07	        1.974698E-04	        7.394235E-03	        1.787102E-01	        0.000000E+00	        9.817351E-07	        1.094429E-08	        1.771132E-01	        1.285453E-01	        4.390135E-06	        2.398929E-07	        2.483125E-07	        1.073233E-05	        1.595244E-03	        9.487363E-05	        2.287159E-05	        2.629098E-05	        5.001431E-04	        1.151497E-01	        5.229562E-07	        1.063032E-05	        1.168561E-06	        4.057371E-08	        1.209175E-02	        3.528529E-09	        9.138848E-06	        9.766334E-04	        1.324838E-06	        3.229432E-04	        2.206130E-08	        1.342857E-07	        2.079437E-05	        4.811195E-13	        3.157951E-10	        5.229638E-05	        1.584363E-08	        1.083080E-05	        5.483738E-03	        1.666288E-03	        6.319979E-04	        6.699808E-08	        2.326909E-06	        5.894294E-06	        7.326920E-06	        7.550625E-06	        9.211200E-05	        6.642274E-04	        2.409761E-05	        1.907120E-03	        4.537974E-06	        1.624070E-07	        1.758062E-13	        4.607553E-07	        1.301752E-04	        4.121625E-04	        3.993421E-05	        1.053812E-08	        5.219745E-06	        3.540829E-10	        0.000000E+00	        0.000000E+00	        0.000000E+00	        0.000000E+00	        0.000000E+00	        0.000000E+00	        0.000000E+00	       -1.288341E+00	       -1.940560E-01	       -4.429233E-03	       -5.907222E-01	        5.801205E+00	       -4.801496E-01	        0.000000E+00	       -2.538390E-04	       -4.247918E-06	        1.427159E+00	        1.356502E-02	       -6.439278E-03	       -3.532788E-03	       -3.121581E-03	       -4.501488E-02	        5.987559E-01	       -2.231057E-02	       -1.661732E-02	       -4.170164E-02	        4.787937E-02	       -1.611169E+00	       -3.201952E-03	        2.163388E-03	       -1.597613E-03	       -5.369365E-05	       -2.754125E+00	        7.826941E-08	       -1.269424E-03	        2.395022E-01	        4.229854E-04	        1.549055E-02	       -6.298892E-06	       -6.041903E-05	        5.861868E-03	        9.556596E-12	       -3.730463E-08	       -5.313829E-02	       -3.446444E-05	       -1.008424E-02	        1.143226E+00	        5.828348E-02	        7.694724E-02	        1.429977E-05	       -1.468845E-04	        7.230131E-04	       -6.919513E-04	       -7.322813E-03	       -1.628913E-01	       -7.983955E-02	       -2.208695E-03	        1.782664E-01	       -1.318310E-04	        6.114293E-05	        1.994168E-11	       -7.174887E-04	        7.749543E-03	        4.279358E-02	       -7.388568E-02	       -9.384159E-06	        5.324297E-04	        1.585094E-10	        2.048265E+03	       -1.175724E+05	        1.431899E-01	        1.957311E+07	        3.787474E-01	        6.722716E-04	        2.402687E+03	        7.717926E+02
        1.119330E-03	        3.699562E-01	        4.425306E-18	        4.688510E-23	        0.000000E+00	        2.160064E-18	        1.269891E-17	        1.521133E-17	        4.782132E-05	        2.017051E-03	        7.089549E-07	        2.352422E-04	        7.466668E-03	        1.772941E-01	        0.000000E+00	        1.030193E-06	        1.121253E-08	        1.789347E-01	        1.294510E-01	        5.113963E-06	        3.323865E-07	        3.423477E-07	        1.299732E-05	        1.652376E-03	        9.961152E-05	        2.591594E-05	        3.099629E-05	        4.944364E-04	        1.089956E-01	        6.616032E-07	        1.036827E-05	        1.373967E-06	        4.755669E-08	        1.106536E-02	        3.402626E-09	        9.359461E-06	        9.495647E-04	        1.354256E-06	        3.295296E-04	        2.207121E-08	        1.232497E-07	        2.226556E-05	        4.983986E-13	        2.806581E-10	        4.332511E-05	        1.224531E-08	        8.836149E-06	        5.486915E-03	        1.506068E-03	        5.755928E-04	        6.354863E-08	        2.154750E-06	        5.495413E-06	        6.627649E-06	        8.721289E-06	        7.194434E-05	        7.058197E-04	        2.515311E-05	        1.864987E-03	        4.377209E-06	        1.554173E-07	        1.812455E-13	        5.769727E-07	        1.297812E-04	        4.072929E-04	        2.917235E-05	        8.678890E-09	        4.655031E-06	        3.447010E-10	        0.000000E+00	        0.000000E+00	        0.000000E+00	        0.000000E+00	        0.000000E+00	        0.000000E+00	        0.000000E+00	       -1.413005E+00	       -2.296517E-01	       -6.284402E-03	       -6.874073E-01	        6.416033E+00	       -5.300473E-01	        0.000000E+00	       -2.788031E-04	       -4.649280E-06	        1.691522E+00	       -8.637277E-03	       -7.589711E-03	       -4.805345E-03	       -4.309283E-03	       -5.199330E-02	        7.427484E-01	       -2.294867E-02	       -1.902501E-02	       -4.519984E-02	        4.821104E-02	       -1.735301E+00	       -3.917527E-03	        2.089422E-03	       -1.743616E-03	       -5.969010E-05	       -3.017449E+00	        1.005527E-07	       -9.484775E-04	        2.342439E-01	        5.132042E-04	        2.043238E-02	       -5.932222E-06	       -3.988254E-05	       -3.167349E-04	        3.132668E-11	       -6.084608E-08	       -5.465770E-02	       -2.800564E-05	       -1.003842E-02	        1.269403E+00	       -3.565791E-02	        3.731793E-02	        1.463521E-05	       -6.715632E-05	        5.453022E-04	       -8.935295E-04	       -8.477998E-03	       -1.351191E-01	       -5.890032E-02	       -2.025512E-03	        1.710728E-01	       -5.309493E-05	        5.706855E-05	        3.418429E-11	       -8.412171E-04	        8.643333E-03	        4.592831E-02	       -6.888504E-02	       -8.413672E-06	       -6.385736E-05	        1.416128E-10	        2.075667E+03	       -1.308135E+05	        1.414320E-01	        2.016932E+07	        3.686582E-01	        6.910341E-04	        2.372065E+03	        7.563763E+02
        1.126944E-03	        3.757351E-01	        4.306894E-18	        4.660137E-23	        0.000000E+00	        2.103205E-18	        1.236502E-17	        1.480434E-17	        5.462369E-05	        2.073348E-03	        9.353906E-07	        2.789468E-04	        7.529966E-03	        1.759154E-01	        0.000000E+00	        1.082898E-06	        1.156648E-08	        1.806877E-01	        1.303366E-01	        5.949270E-06	        4.562832E-07	        4.668147E-07	        1.563443E-05	        1.701742E-03	        1.046425E-04	        2.934461E-05	        3.625206E-05	        4.876824E-04	        1.030062E-01	        8.290104E-07	        1.007328E-05	        1.606142E-06	        5.545718E-08	        1.009015E-02	        3.276813E-09	        9.589989E-06	        9.192929E-04	        1.374359E-06	        3.354694E-04	        2.222904E-08	        1.134814E-07	        2.370840E-05	        5.144185E-13	        2.478333E-10	        3.550935E-05	        9.444479E-09	        7.131481E-06	        5.461257E-03	        1.350284E-03	        5.195901E-04	        5.982809E-08	        1.988441E-06	        5.087777E-06	        5.965412E-06	        1.006245E-05	        5.631304E-05	        7.477759E-04	        2.624835E-05	        1.818834E-03	        4.221637E-06	        1.472252E-07	        1.854166E-13	        7.145136E-07	        1.289042E-04	        4.005589E-04	        2.081455E-05	        7.120630E-09	        4.104996E-06	        3.355239E-10	        0.000000E+00	        0.000000E+00	        0.000000E+00	        0.000000E+00	        0.000000E+00	        0.000000E+00	        0.000000E+00	       -1.538378E+00	       -2.712836E-01	       -8.479275E-03	       -7.898032E-01	        7.053310E+00	       -5.870059E-01	        0.000000E+00	       -3.085233E-04	       -5.187855E-06	        1.998771E+00	       -3.935402E-02	       -8.787786E-03	       -6.435250E-03	       -5.629897E-03	       -5.933220E-02	        8.763493E-01	       -2.341617E-02	       -2.177296E-02	       -4.773664E-02	        4.805327E-02	       -1.866997E+00	       -4.558775E-03	        1.965461E-03	       -1.881300E-03	       -6.516602E-05	       -3.273400E+00	        9.220568E-08	       -9.437946E-04	        2.248707E-01	        5.776267E-04	        2.553061E-02	       -6.273676E-06	       -3.068727E-05	       -2.887801E-03	        4.189547E-11	       -7.569364E-08	       -5.420497E-02	       -2.240709E-05	       -9.680137E-03	        1.376371E+00	       -1.241076E-01	       -2.082456E-03	        1.321735E-05	       -9.138397E-05	        3.372324E-04	       -1.102221E-03	       -9.764766E-03	       -1.081548E-01	       -3.186523E-02	       -1.741576E-03	        1.636675E-01	       -2.485886E-05	        4.914791E-05	        3.602608E-11	       -9.402685E-04	        9.496878E-03	        4.839867E-02	       -6.097645E-02	       -7.830563E-06	       -5.904953E-04	        1.259766E-10	        2.102861E+03	       -1.437674E+05	        1.397360E-01	        2.675095E+07	        3.587962E-01	        7.099061E-04	        2.327554E+03	        7.392201E+02
        1.134559E-03	        3.813820E-01	        4.191188E-18	        4.628574E-23	        0.000000E+00	        2.047629E-18	        1.203869E-17	        1.440666E-17	        6.215662E-05	        2.133318E-03	        1.234166E-06	        3.293274E-04	        7.583693E-03	        1.745742E-01	        0.000000E+00	        1.140218E-06	        1.201317E-08	        1.823687E-01	        1.312030E-01	        6.911192E-06	        6.215128E-07	        6.303174E-07	        1.868681E-05	        1.742452E-03	        1.099603E-04	        3.320536E-05	        4.207044E-05	        4.799285E-04	        9.718145E-02	        1.029130E-06	        9.749047E-06	        1.866371E-06	        6.433266E-08	        9.167239E-03	        3.151398E-09	        9.829834E-06	        8.861083E-04	        1.384411E-06	        3.406603E-04	        2.253756E-08	        1.047088E-07	        2.516120E-05	        5.289108E-13	        2.176222E-10	        2.880354E-05	        7.272244E-09	        5.698527E-06	        5.405470E-03	        1.200902E-03	        4.649150E-04	        5.588238E-08	        1.828582E-06	        4.678653E-06	        5.344179E-06	        1.159625E-05	        4.425725E-05	        7.894660E-04	        2.737235E-05	        1.769055E-03	        4.070345E-06	        1.380668E-07	        1.882925E-13	        8.752649E-07	        1.275148E-04	        3.919302E-04	        1.453239E-05	        5.835489E-09	        3.585443E-06	        3.265509E-10	        0.000000E+00	        0.000000E+00	        0.000000E+00	        0.000000E+00	        0.000000E+00	        0.000000E+00	        0.000000E+00	       -1.661443E+00	       -3.199437E-01	       -1.134105E-02	       -8.998812E-01	        7.706859E+00	       -6.500096E-01	        0.000000E+00	       -3.434504E-04	       -5.851995E-06	        2.354921E+00	       -8.011332E-02	       -1.005642E-02	       -8.499433E-03	       -7.225661E-03	       -6.686141E-02	        9.959809E-01	       -2.367723E-02	       -2.479651E-02	       -4.942289E-02	        4.756664E-02	       -2.002225E+00	       -5.224302E-03	        1.798282E-03	       -1.997851E-03	       -7.015130E-05	       -3.515939E+00	        7.360148E-08	       -1.024915E-03	        2.118010E-01	        6.274243E-04	        3.077651E-02	       -6.950901E-06	       -2.465200E-05	       -3.704395E-03	        5.257697E-11	       -8.426526E-08	       -5.207544E-02	       -1.773717E-05	       -9.056408E-03	        1.458370E+00	       -2.038087E-01	       -3.930533E-02	        1.060981E-05	       -1.080330E-04	        1.223830E-04	       -1.295501E-03	       -1.117675E-02	       -8.389994E-02	        1.441817E-03	       -1.334331E-03	        1.564268E-01	       -6.196243E-06	        3.857093E-05	        3.627822E-11	       -1.027382E-03	        1.027444E-02	        5.006171E-02	       -5.130829E-02	       -7.056964E-06	       -1.000876E-03	        1.118723E-10	        2.129831E+03	       -1.564366E+05	        1.381005E-01	        4.150649E+07	        3.491595E-01	        7.288614E-04	        2.281003E+03	        7.222122E+02
        1.142173E-03	        3.868981E-01	        4.078163E-18	        4.594039E-23	        0.000000E+00	        1.993325E-18	        1.171984E-17	        1.401819E-17	        7.045782E-05	        2.197662E-03	        1.628161E-06	        3.871563E-04	        7.627429E-03	        1.732707E-01	        0.000000E+00	        1.202590E-06	        1.256156E-08	        1.839735E-01	        1.320512E-01	        8.015104E-06	        8.403825E-07	        8.429881E-07	        2.219644E-05	        1.773789E-03	        1.155550E-04	        3.754938E-05	        4.845043E-05	        4.712287E-04	        9.152101E-02	        1.265868E-06	        9.399887E-06	        2.155474E-06	        7.422810E-08	        8.297459E-03	        3.026939E-09	        1.007973E-05	        8.503476E-04	        1.383965E-06	        3.450026E-04	        2.300737E-08	        9.675066E-08	        2.663463E-05	        5.416127E-13	        1.901549E-10	        2.313457E-05	        5.590623E-09	        4.513300E-06	        5.318910E-03	        1.059577E-03	        4.123929E-04	        5.178277E-08	        1.675514E-06	        4.275145E-06	        4.767289E-06	        1.334632E-05	        3.494028E-05	        8.301594E-04	        2.851091E-05	        1.716020E-03	        3.922736E-06	        1.282288E-07	        1.898963E-13	        1.060662E-06	        1.255902E-04	        3.814136E-04	        9.958081E-06	        4.790988E-09	        3.107834E-06	        3.177808E-10	        0.000000E+00	        0.000000E+00	        0.000000E+00	        0.000000E+00	        0.000000E+00	        0.000000E+00	        0.000000E+00	       -1.780102E+00	       -3.767503E-01	       -1.510941E-02	       -1.018648E+00	        8.371041E+00	       -7.188619E-01	        0.000000E+00	       -3.842947E-04	       -6.641438E-06	        2.766529E+00	       -1.326215E-01	       -1.140453E-02	       -1.107975E-02	       -9.150510E-03	       -7.446748E-02	        1.097976E+00	       -2.372761E-02	       -2.805899E-02	       -5.007032E-02	        4.685862E-02	       -2.138580E+00	       -5.905037E-03	        1.594927E-03	       -2.086338E-03	       -7.453452E-05	       -3.738417E+00	        4.960515E-08	       -1.068117E-03	        1.955789E-01	        6.622247E-04	        3.612164E-02	       -7.812656E-06	       -2.005643E-05	       -2.911795E-03	        6.262994E-11	       -8.767652E-08	       -4.862987E-02	       -1.395290E-05	       -8.230039E-03	        1.510455E+00	       -2.720157E-01	       -7.262189E-02	        7.216832E-06	       -1.207983E-04	       -7.870526E-05	       -1.451112E-03	       -1.270213E-02	       -6.410807E-02	        4.089150E-02	       -7.985266E-04	        1.496293E-01	        1.240158E-05	        2.654381E-05	        3.469805E-11	       -1.098720E-03	        1.093700E-02	        5.078526E-02	       -4.109534E-02	       -6.120155E-06	       -1.270021E-03	        9.947106E-11	        2.156563E+03	       -1.688239E+05	        1.365241E-01	        6.617757E+07	        3.397461E-01	        7.478712E-04	        2.232695E+03	        7.053842E+02
        1.149788E-03	        3.922849E-01	        3.967787E-18	        4.556745E-23	        0.000000E+00	        1.940279E-18	        1.140839E-17	        1.363883E-17	        7.955990E-05	        2.267185E-03	        2.147031E-06	        4.532407E-04	        7.660778E-03	        1.720050E-01	        0.000000E+00	        1.270538E-06	        1.322243E-08	        1.854978E-01	        1.328828E-01	        9.276738E-06	        1.127951E-06	        1.116766E-06	        2.620329E-05	        1.795233E-03	        1.214139E-04	        4.243026E-05	        5.537618E-05	        4.616399E-04	        8.602414E-02	        1.543011E-06	        9.030560E-06	        2.473721E-06	        8.517485E-08	        7.481341E-03	        2.904104E-09	        1.033979E-05	        8.123812E-04	        1.372853E-06	        3.484007E-04	        2.365274E-08	        8.946920E-08	        2.811557E-05	        5.522848E-13	        1.654272E-10	        1.840973E-05	        4.289767E-09	        3.547992E-06	        5.201651E-03	        9.276111E-04	        3.627162E-04	        4.761479E-08	        1.529436E-06	        3.883542E-06	        4.236988E-06	        1.533739E-05	        2.769387E-05	        8.690358E-04	        2.964672E-05	        1.660073E-03	        3.778235E-06	        1.180166E-07	        1.903054E-13	        1.271613E-06	        1.231155E-04	        3.690564E-04	        6.724238E-06	        3.951203E-09	        2.678822E-06	        3.092120E-10	        0.000000E+00	        0.000000E+00	        0.000000E+00	        0.000000E+00	        0.000000E+00	        0.000000E+00	        0.000000E+00	       -1.892723E+00	       -4.429784E-01	       -2.006207E-02	       -1.146794E+00	        9.040564E+00	       -7.936589E-01	        0.000000E+00	       -4.319622E-04	       -7.564209E-06	        3.240755E+00	       -1.987016E-01	       -1.283451E-02	       -1.425749E-02	       -1.144028E-02	       -8.199122E-02	        1.178996E+00	       -2.357366E-02	       -3.151263E-02	       -4.946156E-02	        4.601183E-02	       -2.276939E+00	       -6.586412E-03	        1.363637E-03	       -2.141854E-03	       -7.818012E-05	       -3.934066E+00	        2.206513E-08	       -9.880489E-04	        1.768047E-01	        6.803416E-04	        4.150342E-02	       -8.792114E-06	       -1.655091E-05	       -8.775858E-04	        7.140247E-11	       -8.706097E-08	       -4.425741E-02	       -1.094852E-05	       -7.273077E-03	        1.528971E+00	       -3.267312E-01	       -1.006740E-01	        3.448011E-06	       -1.317457E-04	       -2.511245E-04	       -1.552539E-03	       -1.432024E-02	       -4.892032E-02	        8.599785E-02	       -1.421961E-04	        1.434454E-01	        3.171688E-05	        1.425569E-05	        3.156353E-11	       -1.148466E-03	        1.144456E-02	        5.046932E-02	       -3.140085E-02	       -5.105592E-06	       -1.396933E-03	        8.878977E-11	        2.183040E+03	       -1.809330E+05	        1.350058E-01	        1.028237E+08	        3.305534E-01	        7.669040E-04	        2.182898E+03	        6.887642E+02
        1.157402E-03	        3.975441E-01	        3.860027E-18	        4.516905E-23	        0.000000E+00	        1.888473E-18	        1.110425E-17	        1.326845E-17	        8.948988E-05	        2.342815E-03	        2.829166E-06	        5.284273E-04	        7.683368E-03	        1.707770E-01	        0.000000E+00	        1.344674E-06	        1.400836E-08	        1.869363E-01	        1.336995E-01	        1.071219E-05	        1.502371E-06	        1.465521E-06	        3.074427E-05	        1.806474E-03	        1.275212E-04	        4.790270E-05	        6.281503E-05	        4.512204E-04	        8.068990E-02	        1.864121E-06	        8.646083E-06	        2.820785E-06	        9.718936E-08	        6.719072E-03	        2.783611E-09	        1.060830E-05	        7.726012E-04	        1.351190E-06	        3.507640E-04	        2.448981E-08	        8.275892E-08	        2.957390E-05	        5.607248E-13	        1.433370E-10	        1.452468E-05	        3.283784E-09	        2.772943E-06	        5.054508E-03	        8.059303E-04	        3.164221E-04	        4.346808E-08	        1.390477E-06	        3.508916E-06	        3.754124E-06	        1.759476E-05	        2.201252E-05	        9.052017E-04	        3.075984E-05	        1.601524E-03	        3.636271E-06	        1.077260E-07	        1.896386E-13	        1.508381E-06	        1.200853E-04	        3.549468E-04	        4.495990E-06	        3.279538E-09	        2.300530E-06	        3.008424E-10	        0.000000E+00	        0.000000E+00	        0.000000E+00	        0.000000E+00	        0.000000E+00	        0.000000E+00	        0.000000E+00	       -1.998245E+00	       -5.200976E-01	       -2.655059E-02	       -1.285058E+00	        9.710733E+00	       -8.744832E-01	        0.000000E+00	       -4.874923E-04	       -8.635692E-06	        3.785391E+00	       -2.802379E-01	       -1.434427E-02	       -1.810706E-02	       -1.412112E-02	       -8.922445E-02	        1.236396E+00	       -2.322426E-02	       -3.508971E-02	       -4.738496E-02	        4.509272E-02	       -2.420581E+00	       -7.253194E-03	        1.113750E-03	       -2.161111E-03	       -8.096734E-05	       -4.096468E+00	       -7.799116E-09	       -7.339679E-04	        1.560844E-01	        6.805359E-04	        4.685670E-02	       -9.867388E-06	       -1.396849E-05	        1.971968E-03	        7.831350E-11	       -8.362164E-08	       -3.933953E-02	       -8.593114E-06	       -6.258742E-03	        1.511877E+00	       -3.668556E-01	       -1.225754E-01	       -2.856380E-07	       -1.419008E-04	       -3.871226E-04	       -1.592063E-03	       -1.599910E-02	       -3.761924E-02	        1.358862E-01	        6.116556E-04	        1.379478E-01	        5.122347E-05	        2.775058E-06	        2.727269E-11	       -1.170708E-03	        1.175872E-02	        4.905639E-02	       -2.297478E-02	       -4.111001E-06	       -1.401393E-03	        7.969827E-11	        2.209240E+03	       -1.927678E+05	        1.335448E-01	        1.537704E+08	        3.215783E-01	        7.859255E-04	        2.131862E+03	        6.723776E+02
        1.165017E-03	        4.026776E-01	        3.754842E-18	        4.474727E-23	        0.000000E+00	        1.837891E-18	        1.080730E-17	        1.290693E-17	        1.002690E-04	        2.425613E-03	        3.724128E-06	        6.136055E-04	        7.694858E-03	        1.695869E-01	        0.000000E+00	        1.425718E-06	        1.493395E-08	        1.882833E-01	        1.345033E-01	        1.233785E-05	        1.985154E-06	        1.905108E-06	        3.585182E-05	        1.807420E-03	        1.338586E-04	        5.402091E-05	        7.071588E-05	        4.400274E-04	        7.551714E-02	        2.232439E-06	        8.251545E-06	        3.195732E-06	        1.102721E-07	        6.010470E-03	        2.666195E-09	        1.088111E-05	        7.314100E-04	        1.319376E-06	        3.520085E-04	        2.553599E-08	        7.654085E-08	        3.096966E-05	        5.667781E-13	        1.237183E-10	        1.137057E-05	        2.506240E-09	        2.158482E-06	        4.879030E-03	        6.950858E-04	        2.738835E-04	        3.942680E-08	        1.258726E-06	        3.154949E-06	        3.318072E-06	        2.014356E-05	        1.752372E-05	        9.377144E-04	        3.182851E-05	        1.540648E-03	        3.496288E-06	        9.761983E-08	        1.880403E-13	        1.770466E-06	        1.165052E-04	        3.392142E-04	        2.991340E-06	        2.741635E-09	        1.971406E-06	        2.926694E-10	        0.000000E+00	        0.000000E+00	        0.000000E+00	        0.000000E+00	        0.000000E+00	        0.000000E+00	        0.000000E+00	       -2.096389E+00	       -6.098186E-01	       -3.502594E-02	       -1.434456E+00	        1.037781E+01	       -9.611888E-01	        0.000000E+00	       -5.519942E-04	       -9.879169E-06	        4.408860E+00	       -3.791203E-01	       -1.592808E-02	       -2.268783E-02	       -1.720798E-02	       -9.591384E-02	        1.268537E+00	       -2.268333E-02	       -3.869965E-02	       -4.365194E-02	        4.415343E-02	       -2.574343E+00	       -7.890736E-03	        8.552613E-04	       -2.142678E-03	       -8.280542E-05	       -4.220016E+00	       -3.892564E-08	       -2.952184E-04	        1.340031E-01	        6.624327E-04	        5.211837E-02	       -1.104702E-05	       -1.214442E-05	        5.292900E-03	        8.288429E-11	       -7.849887E-08	       -3.421996E-02	       -6.756469E-06	       -5.253590E-03	        1.458953E+00	       -3.922360E-01	       -1.379524E-01	       -3.622942E-06	       -1.517240E-04	       -4.858467E-04	       -1.571417E-03	       -1.769316E-02	       -2.927691E-02	        1.892862E-01	        1.423517E-03	        1.331234E-01	        7.084446E-05	       -7.063206E-06	        2.219349E-11	       -1.159923E-03	        1.184546E-02	        4.653756E-02	       -1.618950E-02	       -3.217509E-06	       -1.316401E-03	        7.196165E-11	        2.235142E+03	       -2.043328E+05	        1.321403E-01	        2.215558E+08	        3.128178E-01	        8.048981E-04	        2.079825E+03	        6.562469E+02
        1.172631E-03	        4.076875E-01	        3.652190E-18	        4.430421E-23	        0.000000E+00	        1.788513E-18	        1.051743E-17	        1.255411E-17	        1.119131E-04	        2.516802E-03	        4.895750E-06	        7.097148E-04	        7.694938E-03	        1.684346E-01	        0.000000E+00	        1.514505E-06	        1.601607E-08	        1.895321E-01	        1.352966E-01	        1.417033E-05	        2.601325E-06	        2.453329E-06	        4.155231E-05	        1.798192E-03	        1.404058E-04	        6.083675E-05	        7.900791E-05	        4.281163E-04	        7.050462E-02	        2.650789E-06	        7.851925E-06	        3.597034E-06	        1.244073E-07	        5.354963E-03	        2.552582E-09	        1.115159E-05	        6.892102E-04	        1.278083E-06	        3.520570E-04	        2.681002E-08	        7.075715E-08	        3.225844E-05	        5.703456E-13	        1.063720E-10	        8.840008E-06	        1.905974E-09	        1.676469E-06	        4.677454E-03	        5.952738E-04	        2.353106E-04	        3.556203E-08	        1.134248E-06	        2.824003E-06	        2.926869E-06	        2.300780E-05	        1.395442E-05	        9.656114E-04	        3.283051E-05	        1.477693E-03	        3.357751E-06	        8.791145E-08	        1.856667E-13	        2.056518E-06	        1.123930E-04	        3.220258E-04	        1.988954E-06	        2.307578E-09	        1.687396E-06	        2.846903E-10	        0.000000E+00	        0.000000E+00	        0.000000E+00	        0.000000E+00	        0.000000E+00	        0.000000E+00	        0.000000E+00	       -2.187885E+00	       -7.141494E-01	       -4.606385E-02	       -1.596440E+00	        1.103942E+01	       -1.053228E+00	        0.000000E+00	       -6.265780E-04	       -1.132771E-05	        5.120218E+00	       -4.971857E-01	       -1.757749E-02	       -2.803384E-02	       -2.070074E-02	       -1.017635E-01	        1.275021E+00	       -2.194169E-02	       -4.222885E-02	       -3.811192E-02	        4.323086E-02	       -2.744131E+00	       -8.485718E-03	        5.982355E-04	       -2.087271E-03	       -8.363904E-05	       -4.300310E+00	       -7.037168E-08	        3.017889E-04	        1.111192E-01	        6.266979E-04	        5.722724E-02	       -1.235906E-05	       -1.091682E-05	        8.843316E-03	        8.478372E-11	       -7.265104E-08	       -2.918405E-02	       -5.323949E-06	       -4.311371E-03	        1.371823E+00	       -4.036124E-01	       -1.469246E-01	       -6.301012E-06	       -1.613329E-04	       -5.515810E-04	       -1.500209E-03	       -1.934083E-02	       -2.307663E-02	        2.445550E-01	        2.237295E-03	        1.288810E-01	        9.085638E-05	       -1.473374E-05	        1.659490E-11	       -1.111272E-03	        1.167792E-02	        4.295451E-02	       -1.107697E-02	       -2.473542E-06	       -1.178922E-03	        6.529579E-11	        2.260720E+03	       -2.156327E+05	        1.307919E-01	        3.089322E+08	        3.042683E-01	        8.237803E-04	        2.027003E+03	        6.403920E+02
        1.180246E-03	        4.125759E-01	        3.552027E-18	        4.384190E-23	        0.000000E+00	        1.740317E-18	        1.023451E-17	        1.220985E-17	        1.244332E-04	        2.617782E-03	        6.426046E-06	        8.177546E-04	        7.683327E-03	        1.673203E-01	        0.000000E+00	        1.612002E-06	        1.727433E-08	        1.906752E-01	        1.360823E-01	        1.622629E-05	        3.379408E-06	        3.129810E-06	        4.786434E-05	        1.779121E-03	        1.471404E-04	        6.839737E-05	        8.760001E-05	        4.155394E-04	        6.565113E-02	        3.121518E-06	        7.451924E-06	        4.022632E-06	        1.395632E-07	        4.751578E-03	        2.443460E-09	        1.141123E-05	        6.463960E-04	        1.228225E-06	        3.508409E-04	        2.833258E-08	        6.536610E-08	        3.339502E-05	        5.713860E-13	        9.109033E-11	        6.831692E-06	        1.443563E-09	        1.301426E-06	        4.452624E-03	        5.063741E-04	        2.007643E-04	        3.192685E-08	        1.017093E-06	        2.517320E-06	        2.577511E-06	        2.620915E-05	        1.110285E-05	        9.879450E-04	        3.374471E-05	        1.412875E-03	        3.220135E-06	        7.875621E-08	        1.826767E-13	        2.364267E-06	        1.077787E-04	        3.035827E-04	        1.325560E-06	        1.953004E-09	        1.443139E-06	        2.769019E-10	        0.000000E+00	        0.000000E+00	        0.000000E+00	        0.000000E+00	        0.000000E+00	        0.000000E+00	        0.000000E+00	       -2.274686E+00	       -8.354623E-01	       -6.037661E-02	       -1.772974E+00	        1.169493E+01	       -1.149526E+00	        0.000000E+00	       -7.122648E-04	       -1.302799E-05	        5.929133E+00	       -6.361604E-01	       -1.928154E-02	       -3.414095E-02	       -2.457672E-02	       -1.064447E-01	        1.256834E+00	       -2.096869E-02	       -4.554735E-02	       -3.067040E-02	        4.234433E-02	       -2.936660E+00	       -9.026473E-03	        3.521711E-04	       -1.998287E-03	       -8.345548E-05	       -4.334497E+00	       -1.015932E-07	        1.005483E-03	        8.797110E-02	        5.751884E-04	        6.211942E-02	       -1.384422E-05	       -1.013864E-05	        1.244989E-02	        8.387813E-11	       -6.676507E-08	       -2.444851E-02	       -4.202732E-06	       -3.469601E-03	        1.253819E+00	       -4.024763E-01	       -1.500323E-01	       -8.172138E-06	       -1.706508E-04	       -5.915252E-04	       -1.392842E-03	       -2.086208E-02	       -1.840139E-02	        2.997298E-01	        2.980951E-03	        1.250554E-01	        1.112229E-04	       -2.003249E-05	        1.064583E-11	       -1.020947E-03	        1.123906E-02	        3.839707E-02	       -7.435857E-03	       -1.892805E-06	       -1.021856E-03	        5.941924E-11	        2.285943E+03	       -2.266728E+05	        1.294996E-01	        4.188960E+08	        2.959260E-01	        8.425268E-04	        1.973601E+03	        6.248305E+02
        1.187860E-03	        4.173453E-01	        3.454305E-18	        4.336242E-23	        0.000000E+00	        1.693281E-18	        9.958414E-18	        1.187398E-17	        1.378373E-04	        2.730165E-03	        8.419968E-06	        9.387982E-04	        7.659773E-03	        1.662438E-01	        0.000000E+00	        1.719314E-06	        1.873172E-08	        1.917045E-01	        1.368632E-01	        1.852230E-05	        4.351177E-06	        3.955731E-06	        5.479684E-05	        1.750715E-03	        1.540374E-04	        7.674284E-05	        9.638089E-05	        4.023458E-04	        6.095554E-02	        3.646439E-06	        7.055816E-06	        4.470018E-06	        1.556929E-07	        4.198953E-03	        2.339476E-09	        1.165044E-05	        6.033452E-04	        1.170914E-06	        3.483003E-04	        3.012705E-08	        6.033786E-08	        3.433578E-05	        5.699149E-13	        7.767269E-11	        5.253530E-06	        1.088520E-09	        1.011232E-06	        4.207877E-03	        4.280021E-04	        1.701768E-04	        2.855429E-08	        9.072885E-07	        2.235305E-06	        2.266330E-06	        2.976545E-05	        8.817727E-06	        1.003821E-03	        3.455309E-05	        1.346390E-03	        3.082926E-06	        7.025069E-08	        1.792250E-13	        2.690489E-06	        1.027051E-04	        2.841139E-04	        8.869017E-07	        1.659175E-09	        1.232961E-06	        2.693008E-10	        0.000000E+00	        0.000000E+00	        0.000000E+00	        0.000000E+00	        0.000000E+00	        0.000000E+00	        0.000000E+00	       -2.360274E+00	       -9.765769E-01	       -7.874376E-02	       -1.966466E+00	        1.234583E+01	       -1.248466E+00	        0.000000E+00	       -8.098622E-04	       -1.504921E-05	        6.845829E+00	       -7.976059E-01	       -2.102314E-02	       -4.095130E-02	       -2.876469E-02	       -1.096544E-01	        1.216363E+00	       -1.970659E-02	       -4.854029E-02	       -2.133055E-02	        4.149047E-02	       -3.159184E+00	       -9.503234E-03	        1.253824E-04	       -1.883906E-03	       -8.235120E-05	       -4.321486E+00	       -1.338166E-07	        1.751868E-03	        6.508259E-02	        5.116852E-04	        6.671742E-02	       -1.559492E-05	       -9.734613E-06	        1.598234E-02	        8.029710E-11	       -6.103428E-08	       -2.016110E-02	       -3.322872E-06	       -2.749204E-03	        1.109694E+00	       -3.908697E-01	       -1.481288E-01	       -9.162375E-06	       -1.795978E-04	       -6.147307E-04	       -1.264881E-03	       -2.215628E-02	       -1.482499E-02	        3.526101E-01	        3.562637E-03	        1.214142E-01	        1.300339E-04	       -2.301576E-05	        4.455298E-12	       -8.872091E-04	        1.052365E-02	        3.299714E-02	       -4.961132E-03	       -1.463653E-06	       -8.691020E-04	        5.409079E-11	        2.310775E+03	       -2.374587E+05	        1.282633E-01	        5.547147E+08	        2.877869E-01	        8.610877E-04	        1.919804E+03	        6.095779E+02
        1.195475E-03	        4.219980E-01	        3.358973E-18	        4.286780E-23	        0.000000E+00	        1.647382E-18	        9.688999E-18	        1.154632E-17	        1.521321E-04	        2.855804E-03	        1.101039E-05	        1.074010E-03	        7.624047E-03	        1.652052E-01	        0.000000E+00	        1.837693E-06	        2.041564E-08	        1.926103E-01	        1.376431E-01	        2.107461E-05	        5.551103E-06	        4.953260E-06	        6.234758E-05	        1.713637E-03	        1.610687E-04	        8.590423E-05	        1.052205E-04	        3.885817E-04	        5.641694E-02	        4.226798E-06	        6.667340E-06	        4.936407E-06	        1.727371E-07	        3.695355E-03	        2.241259E-09	        1.185954E-05	        5.604122E-04	        1.107388E-06	        3.443853E-04	        3.222146E-08	        5.565208E-08	        3.504036E-05	        5.659958E-13	        6.593021E-11	        4.024480E-06	        8.172109E-10	        7.873898E-07	        3.946918E-03	        3.595679E-04	        1.433771E-04	        2.545697E-08	        8.048469E-07	        1.977841E-06	        1.989370E-06	        3.368893E-05	        6.983976E-06	        1.012436E-03	        3.524307E-05	        1.278418E-03	        2.945671E-06	        6.243739E-08	        1.754581E-13	        3.031022E-06	        9.722684E-05	        2.638692E-04	        5.964226E-07	        1.412331E-09	        1.051553E-06	        2.618835E-10	        0.000000E+00	        0.000000E+00	        0.000000E+00	        0.000000E+00	        0.000000E+00	        0.000000E+00	        0.000000E+00	       -2.450311E+00	       -1.140862E+00	       -1.016065E-01	       -2.179453E+00	        1.299634E+01	       -1.348122E+00	        0.000000E+00	       -9.197690E-04	       -1.750769E-05	        7.880920E+00	       -9.828821E-01	       -2.276346E-02	       -4.833851E-02	       -3.301707E-02	       -1.113980E-01	        1.157324E+00	       -1.807970E-02	       -5.122991E-02	       -1.035868E-02	        4.063311E-02	       -3.418469E+00	       -9.899318E-03	       -7.549682E-05	       -1.765252E-03	       -8.095071E-05	       -4.262042E+00	       -1.763126E-07	        2.471847E-03	        4.296505E-02	        4.473356E-04	        7.090831E-02	       -1.808669E-05	       -1.145880E-05	        1.974441E-02	        6.714700E-11	       -5.388688E-08	       -1.640867E-02	       -2.637027E-06	       -2.156997E-03	        9.452570E-01	       -3.711614E-01	       -1.422565E-01	       -9.120605E-06	       -1.960797E-04	       -6.352356E-04	       -1.129640E-03	       -2.310149E-02	       -1.246904E-02	        4.008627E-01	        3.843222E-03	        1.176770E-01	        1.376166E-04	       -2.386829E-05	       -6.965132E-12	       -7.157875E-04	        9.539710E-03	        2.692121E-02	       -3.362376E-03	       -1.174276E-06	       -7.337492E-04	        4.913041E-11	        2.335177E+03	       -2.479962E+05	        1.270835E-01	        7.197732E+08	        2.798469E-01	        8.794084E-04	        1.872462E+03	        5.957110E+02
        1.199282E-03	        4.242877E-01	        3.312058E-18	        4.261029E-23	        0.000000E+00	        1.624785E-18	        9.556341E-18	        1.138507E-17	        1.596400E-04	        2.924625E-03	        1.259650E-05	        1.147650E-03	        7.601448E-03	        1.646987E-01	        0.000000E+00	        1.901763E-06	        2.135838E-08	        1.930138E-01	        1.380352E-01	        2.245716E-05	        6.252802E-06	        5.526487E-06	        6.636273E-05	        1.692057E-03	        1.646330E-04	        9.081531E-05	        1.096203E-04	        3.814809E-04	        5.420041E-02	        4.539001E-06	        6.476623E-06	        5.176420E-06	        1.816061E-07	        3.460614E-03	        2.194512E-09	        1.194963E-05	        5.390528E-04	        1.073635E-06	        3.418879E-04	        3.340126E-08	        5.344268E-08	        3.528864E-05	        5.632042E-13	        6.059604E-11	        3.514117E-06	        7.059608E-10	        6.946131E-07	        3.811423E-03	        3.287373E-04	        1.312797E-04	        2.400443E-08	        7.563429E-07	        1.857955E-06	        1.861955E-06	        3.579683E-05	        6.205905E-06	        1.013756E-03	        3.554285E-05	        1.243839E-03	        2.876779E-06	        5.877998E-08	        1.735565E-13	        3.205332E-06	        9.435161E-05	        2.535244E-04	        4.882992E-07	        1.302792E-09	        9.697369E-07	        2.582326E-10	        0.000000E+00	        0.000000E+00	        0.000000E+00	        0.000000E+00	        0.000000E+00	        0.000000E+00	        0.000000E+00	       -2.491280E+00	       -1.233288E+00	       -1.175526E-01	       -2.302456E+00	        1.331749E+01	       -1.390238E+00	        0.000000E+00	       -9.803494E-04	       -1.887413E-05	        8.448608E+00	       -1.084411E+00	       -2.368503E-02	       -5.224981E-02	       -3.553993E-02	       -1.105018E-01	        1.121769E+00	       -1.689800E-02	       -5.187575E-02	       -3.642035E-03	        4.043063E-02	       -3.568666E+00	       -1.006638E-02	       -1.555991E-04	       -1.657485E-03	       -7.865840E-05	       -4.215659E+00	       -1.743420E-07	        2.908348E-03	        3.236767E-02	        4.014879E-04	        7.291758E-02	       -1.880743E-05	       -9.194218E-06	        2.087771E-02	        7.059772E-11	       -5.276568E-08	       -1.467876E-02	       -2.323370E-06	       -1.894995E-03	        8.561558E-01	       -3.583987E-01	       -1.379391E-01	       -9.368314E-06	       -1.886118E-04	       -6.177903E-04	       -1.064203E-03	       -2.338449E-02	       -1.081045E-02	        4.225781E-01	        4.068063E-03	        1.156158E-01	        1.634804E-04	       -2.417545E-05	       -4.949290E-12	       -5.965795E-04	        8.951828E-03	        2.365337E-02	       -2.711425E-03	       -1.026997E-06	       -6.761537E-04	        4.672885E-11	        2.347198E+03	       -2.532523E+05	        1.265155E-01	        8.165540E+08	        2.759394E-01	        8.884607E-04	        1.848492E+03	        5.888627E+02
        1.203089E-03	        4.265489E-01	        3.265727E-18	        4.234391E-23	        0.000000E+00	        1.602460E-18	        9.425258E-18	        1.122583E-17	        1.673741E-04	        2.997614E-03	        1.440239E-05	        1.225360E-03	        7.575712E-03	        1.642017E-01	        0.000000E+00	        1.969157E-06	        2.237114E-08	        1.933822E-01	        1.384284E-01	        2.391003E-05	        7.025688E-06	        6.151504E-06	        7.052528E-05	        1.668599E-03	        1.682175E-04	        9.593630E-05	        1.139770E-04	        3.742520E-04	        5.202331E-02	        4.865300E-06	        6.288915E-06	        5.419995E-06	        1.906756E-07	        3.237409E-03	        2.149391E-09	        1.202859E-05	        5.178438E-04	        1.038817E-06	        3.390311E-04	        3.466947E-08	        5.131231E-08	        3.546459E-05	        5.598362E-13	        5.561783E-11	        3.066320E-06	        6.091436E-10	        6.131471E-07	        3.673356E-03	        3.001192E-04	        1.200368E-04	        2.261897E-08	        7.096649E-07	        1.743973E-06	        1.741693E-06	        3.799768E-05	        5.509232E-06	        1.013011E-03	        3.581090E-05	        1.208954E-03	        2.807680E-06	        5.529456E-08	        1.716231E-13	        3.381199E-06	        9.140033E-05	        2.430852E-04	        4.002004E-07	        1.201560E-09	        8.935100E-07	        2.546266E-10	        0.000000E+00	        0.000000E+00	        0.000000E+00	        0.000000E+00	        0.000000E+00	        0.000000E+00	        0.000000E+00	       -2.535148E+00	       -1.333128E+00	       -1.351549E-01	       -2.432328E+00	        1.364031E+01	       -1.430629E+00	        0.000000E+00	       -1.044032E-03	       -2.039831E-05	        9.050272E+00	       -1.192207E+00	       -2.458729E-02	       -5.621273E-02	       -3.796450E-02	       -1.091299E-01	        1.083314E+00	       -1.555579E-02	       -5.240174E-02	        3.402971E-03	        4.021852E-02	       -3.730870E+00	       -1.019542E-02	       -2.274339E-04	       -1.552825E-03	       -7.642263E-05	       -4.158673E+00	       -1.794383E-07	        3.323569E-03	        2.212816E-02	        3.591398E-04	        7.478469E-02	       -1.988720E-05	       -8.927778E-06	        2.236366E-02	        6.589356E-11	       -5.076911E-08	       -1.309214E-02	       -2.047552E-06	       -1.662481E-03	        7.643252E-01	       -3.444953E-01	       -1.330357E-01	       -9.374035E-06	       -1.912177E-04	       -6.043896E-04	       -1.000621E-03	       -2.351987E-02	       -9.724651E-03	        4.422514E-01	        4.190355E-03	        1.134011E-01	        1.821103E-04	       -2.409884E-05	       -8.540872E-12	       -4.694231E-04	        8.305672E-03	        2.028563E-02	       -2.196900E-03	       -9.182108E-07	       -6.240948E-04	        4.437818E-11	        2.359092E+03	       -2.584450E+05	        1.259620E-01	        9.221833E+08	        2.720806E-01	        8.974293E-04	        1.820934E+03	        5.815289E+02
        1.206896E-03	        4.287819E-01	        3.219974E-18	        4.206897E-23	        0.000000E+00	        1.580404E-18	        9.295734E-18	        1.106856E-17	        1.753355E-04	        3.075097E-03	        1.645960E-05	        1.307340E-03	        7.546813E-03	        1.637142E-01	        0.000000E+00	        2.040075E-06	        2.345915E-08	        1.937138E-01	        1.388234E-01	        2.543515E-05	        7.874443E-06	        6.831324E-06	        7.482983E-05	        1.643370E-03	        1.718165E-04	        1.012658E-04	        1.182686E-04	        3.668991E-04	        4.988564E-02	        5.205645E-06	        6.104469E-06	        5.666639E-06	        1.999324E-07	        3.025434E-03	        2.105901E-09	        1.209518E-05	        4.968204E-04	        1.003110E-06	        3.358119E-04	        3.603028E-08	        4.925824E-08	        3.556460E-05	        5.559105E-13	        5.097865E-11	        2.673955E-06	        5.249663E-10	        5.415549E-07	        3.533229E-03	        2.736055E-04	        1.096088E-04	        2.129953E-08	        6.648007E-07	        1.635702E-06	        1.628134E-06	        4.029030E-05	        4.885383E-06	        1.010144E-03	        3.604693E-05	        1.173784E-03	        2.738265E-06	        5.197791E-08	        1.696751E-13	        3.557791E-06	        8.838263E-05	        2.325857E-04	        3.282475E-07	        1.107764E-09	        8.224281E-07	        2.510650E-10	        0.000000E+00	        0.000000E+00	        0.000000E+00	        0.000000E+00	        0.000000E+00	        0.000000E+00	        0.000000E+00	       -2.581958E+00	       -1.441013E+00	       -1.550245E-01	       -2.570252E+00	        1.396512E+01	       -1.468023E+00	        0.000000E+00	       -1.110709E-03	       -2.209121E-05	        9.687469E+00	       -1.306273E+00	       -2.546980E-02	       -6.017598E-02	       -4.033732E-02	       -1.070051E-01	        1.042630E+00	       -1.400503E-02	       -5.269062E-02	        1.084267E-02	        4.000937E-02	       -3.906976E+00	       -1.028956E-02	       -2.902612E-04	       -1.445509E-03	       -7.394823E-05	       -4.091684E+00	       -1.868964E-07	        3.722248E-03	        1.228740E-02	        3.179543E-04	        7.651114E-02	       -2.112676E-05	       -8.878596E-06	        2.377789E-02	        6.091114E-11	       -4.851560E-08	       -1.164473E-02	       -1.804084E-06	       -1.457295E-03	        6.705284E-01	       -3.297243E-01	       -1.276742E-01	       -9.217739E-06	       -1.938566E-04	       -5.928323E-04	       -9.399392E-04	       -2.348178E-02	       -8.786837E-03	        4.596020E-01	        4.227563E-03	        1.109718E-01	        1.973431E-04	       -2.372303E-05	       -1.195383E-11	       -3.311897E-04	        7.605870E-03	        1.684092E-02	       -1.788042E-03	       -8.285139E-07	       -5.777517E-04	        4.206853E-11	        2.370853E+03	       -2.635753E+05	        1.254230E-01	        1.037495E+09	        2.682698E-01	        9.063056E-04	        1.793399E+03	        5.742823E+02
        1.210704E-03	        4.309871E-01	        3.174790E-18	        4.178586E-23	        0.000000E+00	        1.558613E-18	        9.167750E-18	        1.091325E-17	        1.835255E-04	        3.157420E-03	        1.880350E-05	        1.393803E-03	        7.514730E-03	        1.632361E-01	        0.000000E+00	        2.114725E-06	        2.462822E-08	        1.940072E-01	        1.392208E-01	        2.703434E-05	        8.803635E-06	        7.568803E-06	        7.926972E-05	        1.616482E-03	        1.754236E-04	        1.068010E-04	        1.224726E-04	        3.594261E-04	        4.778742E-02	        5.559924E-06	        5.923493E-06	        5.915857E-06	        2.093628E-07	        2.824366E-03	        2.064060E-09	        1.214826E-05	        4.760156E-04	        9.666857E-07	        3.322277E-04	        3.748865E-08	        4.727895E-08	        3.558539E-05	        5.514458E-13	        4.666053E-11	        2.330574E-06	        4.518562E-10	        4.785775E-07	        3.391551E-03	        2.490858E-04	        9.995501E-05	        2.004421E-08	        6.217384E-07	        1.532966E-06	        1.520852E-06	        4.267269E-05	        4.326948E-06	        1.005111E-03	        3.625124E-05	        1.138353E-03	        2.668446E-06	        4.882530E-08	        1.677268E-13	        3.734228E-06	        8.530859E-05	        2.220600E-04	        2.693711E-07	        1.020678E-09	        7.560942E-07	        2.475475E-10	        0.000000E+00	        0.000000E+00	        0.000000E+00	        0.000000E+00	        0.000000E+00	        0.000000E+00	        0.000000E+00	       -2.631929E+00	       -1.557637E+00	       -1.776750E-01	       -2.717390E+00	        1.429237E+01	       -1.501106E+00	        0.000000E+00	       -1.180193E-03	       -2.396987E-05	        1.036171E+01	       -1.426579E+00	       -2.632711E-02	       -6.407979E-02	       -4.265546E-02	       -1.039410E-01	        1.000413E+00	       -1.220032E-02	       -5.266041E-02	        1.869755E-02	        3.981151E-02	       -4.098352E+00	       -1.034266E-02	       -3.434871E-04	       -1.331903E-03	       -7.107791E-05	       -4.015373E+00	       -1.946468E-07	        4.107332E-03	        2.880746E-03	        2.774288E-04	        7.809218E-02	       -2.245717E-05	       -8.835971E-06	        2.507415E-02	        5.565717E-11	       -4.624108E-08	       -1.033086E-02	       -1.588627E-06	       -1.277093E-03	        5.755121E-01	       -3.143405E-01	       -1.219738E-01	       -8.954323E-06	       -1.961978E-04	       -5.817142E-04	       -8.828730E-04	       -2.324315E-02	       -7.947863E-03	        4.743636E-01	        4.188556E-03	        1.082701E-01	        2.108989E-04	       -2.312240E-05	       -1.533765E-11	       -1.806373E-04	        6.857813E-03	        1.334289E-02	       -1.461069E-03	       -7.537248E-07	       -5.369517E-04	        3.979353E-11	        2.382472E+03	       -2.686438E+05	        1.248988E-01	        1.163211E+09	        2.645066E-01	        9.150807E-04	        1.765903E+03	        5.671241E+02
        1.214511E-03	        4.331649E-01	        3.130170E-18	        4.149497E-23	        0.000000E+00	        1.537085E-18	        9.041287E-18	        1.075987E-17	        1.919456E-04	        3.244959E-03	        2.147420E-05	        1.484976E-03	        7.479438E-03	        1.627673E-01	        0.000000E+00	        2.193324E-06	        2.588482E-08	        1.942605E-01	        1.396210E-01	        2.870926E-05	        9.817638E-06	        8.366640E-06	        8.383687E-05	        1.588045E-03	        1.790316E-04	        1.125379E-04	        1.265656E-04	        3.518366E-04	        4.572872E-02	        5.927957E-06	        5.746152E-06	        6.167146E-06	        2.189519E-07	        2.633873E-03	        2.023887E-09	        1.218677E-05	        4.554600E-04	        9.297051E-07	        3.282771E-04	        3.904990E-08	        4.537302E-08	        3.552415E-05	        5.464602E-13	        4.264576E-11	        2.030380E-06	        3.884311E-10	        4.231158E-07	        3.248824E-03	        2.264490E-04	        9.103357E-05	        1.885060E-08	        5.804643E-07	        1.435594E-06	        1.419448E-06	        4.514187E-05	        3.827326E-06	        9.978808E-04	        3.642465E-05	        1.102685E-03	        2.598148E-06	        4.583092E-08	        1.657911E-13	        3.909576E-06	        8.218860E-05	        2.115417E-04	        2.211267E-07	        9.396901E-10	        6.941569E-07	        2.440734E-10	        0.000000E+00	        0.000000E+00	        0.000000E+00	        0.000000E+00	        0.000000E+00	        0.000000E+00	        0.000000E+00	       -2.685348E+00	       -1.683759E+00	       -2.036142E-01	       -2.874901E+00	        1.462259E+01	       -1.528483E+00	        0.000000E+00	       -1.252206E-03	       -2.605630E-05	        1.107448E+01	       -1.553053E+00	       -2.714972E-02	       -6.785325E-02	       -4.489249E-02	       -9.978081E-02	        9.573632E-01	       -1.009418E-02	       -5.224130E-02	        2.696386E-02	        3.963026E-02	       -4.306270E+00	       -1.034614E-02	       -3.866571E-04	       -1.209241E-03	       -6.769795E-05	       -3.930497E+00	       -2.017428E-07	        4.480988E-03	       -6.063574E-03	        2.376725E-04	        7.951840E-02	       -2.385374E-05	       -8.773522E-06	        2.623805E-02	        5.017134E-11	       -4.402594E-08	       -9.143737E-03	       -1.397663E-06	       -1.119454E-03	        4.799913E-01	       -2.985772E-01	       -1.160437E-01	       -8.622886E-06	       -1.981390E-04	       -5.701888E-04	       -8.298605E-04	       -2.277517E-02	       -7.192956E-03	        4.862878E-01	        4.079488E-03	        1.052387E-01	        2.234791E-04	       -2.236132E-05	       -1.873010E-11	       -1.725282E-05	        6.067549E-03	        9.815119E-03	       -1.197818E-03	       -6.907422E-07	       -5.012976E-04	        3.754963E-11	        2.393943E+03	       -2.736515E+05	        1.243896E-01	        1.300071E+09	        2.607902E-01	        9.237450E-04	        1.738461E+03	        5.600552E+02
        1.218318E-03	        4.353154E-01	        3.086107E-18	        4.119673E-23	        0.000000E+00	        1.515816E-18	        8.916326E-18	        1.060840E-17	        2.005979E-04	        3.338118E-03	        2.451742E-05	        1.581103E-03	        7.440913E-03	        1.623078E-01	        0.000000E+00	        2.276091E-06	        2.723617E-08	        1.944721E-01	        1.400248E-01	        3.046146E-05	        1.092053E-05	        9.227340E-06	        8.852145E-05	        1.558169E-03	        1.826324E-04	        1.184702E-04	        1.305234E-04	        3.441342E-04	        4.370965E-02	        6.309483E-06	        5.572563E-06	        6.419977E-06	        2.286832E-07	        2.453609E-03	        1.985397E-09	        1.220970E-05	        4.351818E-04	        8.923250E-07	        3.239594E-04	        4.071959E-08	        4.353892E-08	        3.537856E-05	        5.409715E-13	        3.891735E-11	        1.768178E-06	        3.334742E-10	        3.742135E-07	        3.105541E-03	        2.055845E-04	        8.280248E-05	        1.771598E-08	        5.409619E-07	        1.343419E-06	        1.323555E-06	        4.769383E-05	        3.380609E-06	        9.884354E-04	        3.656843E-05	        1.066805E-03	        2.527304E-06	        4.298827E-08	        1.638794E-13	        4.082844E-06	        7.903335E-05	        2.010639E-04	        1.815549E-07	        8.642818E-10	        6.363066E-07	        2.406423E-10	        0.000000E+00	        0.000000E+00	        0.000000E+00	        0.000000E+00	        0.000000E+00	        0.000000E+00	        0.000000E+00	       -2.742501E+00	       -1.820206E+00	       -2.333909E-01	       -3.043954E+00	        1.495627E+01	       -1.548630E+00	        0.000000E+00	       -1.326366E-03	       -2.837694E-05	        1.182722E+01	       -1.685578E+00	       -2.792388E-02	       -7.141254E-02	       -4.700797E-02	       -9.437225E-02	        9.141662E-01	       -7.635309E-03	       -5.136475E-02	        3.562596E-02	        3.946868E-02	       -4.531965E+00	       -1.028970E-02	       -4.194507E-04	       -1.074950E-03	       -6.369945E-05	       -3.837873E+00	       -2.077161E-07	        4.845016E-03	       -1.452582E-02	        1.989744E-04	        8.077673E-02	       -2.530369E-05	       -8.683997E-06	        2.725709E-02	        4.451118E-11	       -4.188910E-08	       -8.075701E-03	       -1.228284E-06	       -9.819705E-04	        3.846380E-01	       -2.826442E-01	       -1.099822E-01	       -8.251961E-06	       -1.996324E-04	       -5.577882E-04	       -7.811140E-04	       -2.204715E-02	       -6.511896E-03	        4.951470E-01	        3.906455E-03	        1.018193E-01	        2.353068E-04	       -2.149431E-05	       -2.212970E-11	        1.591601E-04	        5.241699E-03	        6.280649E-03	       -9.845023E-04	       -6.371594E-07	       -4.702652E-04	        3.533549E-11	        2.405254E+03	       -2.785991E+05	        1.238956E-01	        1.448851E+09	        2.571202E-01	        9.322887E-04	        1.711088E+03	        5.530766E+02
        1.222125E-03	        4.374392E-01	        3.042592E-18	        4.089154E-23	        0.000000E+00	        1.494803E-18	        8.792847E-18	        1.045880E-17	        2.094850E-04	        3.437334E-03	        2.798546E-05	        1.682448E-03	        7.399132E-03	        1.618575E-01	        0.000000E+00	        2.363252E-06	        2.869029E-08	        1.946400E-01	        1.404327E-01	        3.229223E-05	        1.211597E-05	        1.015316E-05	        9.331171E-05	        1.526963E-03	        1.862168E-04	        1.245898E-04	        1.343215E-04	        3.363221E-04	        4.173035E-02	        6.704143E-06	        5.402803E-06	        6.673793E-06	        2.385383E-07	        2.283221E-03	        1.948597E-09	        1.221611E-05	        4.152067E-04	        8.546940E-07	        3.192746E-04	        4.250345E-08	        4.177501E-08	        3.514682E-05	        5.349961E-13	        3.545904E-11	        1.539335E-06	        2.859139E-10	        3.310412E-07	        2.962180E-03	        1.863832E-04	        7.521998E-05	        1.663750E-08	        5.032123E-07	        1.256267E-06	        1.232831E-06	        5.032334E-05	        2.981496E-06	        9.767730E-04	        3.668426E-05	        1.030740E-03	        2.455854E-06	        4.029044E-08	        1.620017E-13	        4.252987E-06	        7.585368E-05	        1.906590E-04	        1.490755E-07	        7.940069E-10	        5.822704E-07	        2.372535E-10	        0.000000E+00	        0.000000E+00	        0.000000E+00	        0.000000E+00	        0.000000E+00	        0.000000E+00	        0.000000E+00	       -2.803616E+00	       -1.967880E+00	       -2.676227E-01	       -3.225728E+00	        1.529389E+01	       -1.559873E+00	        0.000000E+00	       -1.402165E-03	       -3.096259E-05	        1.262134E+01	       -1.823978E+00	       -2.863123E-02	       -7.465930E-02	       -4.895032E-02	       -8.755644E-02	        8.714792E-01	       -4.768007E-03	       -4.995805E-02	        4.466121E-02	        3.932806E-02	       -4.776641E+00	       -1.016102E-02	       -4.416741E-04	       -9.262652E-04	       -5.896151E-05	       -3.738370E+00	       -2.123005E-07	        5.200993E-03	       -2.249592E-02	        1.616455E-04	        8.185104E-02	       -2.679422E-05	       -8.561790E-06	        2.811822E-02	        3.873943E-11	       -3.982713E-08	       -7.118599E-03	       -1.078038E-06	       -8.623244E-04	        2.900726E-01	       -2.667270E-01	       -1.038759E-01	       -7.862553E-06	       -2.006548E-04	       -5.442940E-04	       -7.366684E-04	       -2.102657E-02	       -5.896226E-03	        5.007369E-01	        3.676644E-03	        9.795366E-02	        2.463715E-04	       -2.056651E-05	       -2.552372E-11	        3.486203E-04	        4.387353E-03	        2.761788E-03	       -8.106681E-04	       -5.911128E-07	       -4.432737E-04	        3.315157E-11	        2.416398E+03	       -2.834875E+05	        1.234170E-01	        1.610363E+09	        2.534959E-01	        9.407013E-04	        1.683795E+03	        5.461893E+02
        1.225932E-03	        4.395366E-01	        2.999619E-18	        4.057982E-23	        0.000000E+00	        1.474042E-18	        8.670833E-18	        1.031107E-17	        2.186099E-04	        3.543079E-03	        3.193820E-05	        1.789295E-03	        7.354070E-03	        1.614162E-01	        0.000000E+00	        2.455034E-06	        3.025615E-08	        1.947622E-01	        1.408455E-01	        3.420265E-05	        1.340708E-05	        1.114602E-05	        9.819375E-05	        1.494529E-03	        1.897741E-04	        1.308859E-04	        1.379345E-04	        3.284035E-04	        3.979103E-02	        7.111463E-06	        5.236901E-06	        6.927992E-06	        2.484963E-07	        2.122348E-03	        1.913487E-09	        1.220509E-05	        3.955581E-04	        8.169522E-07	        3.142240E-04	        4.440730E-08	        4.007946E-08	        3.482770E-05	        5.285490E-13	        3.225535E-11	        1.339730E-06	        2.448066E-10	        2.928800E-07	        2.819208E-03	        1.687384E-04	        6.824497E-05	        1.561225E-08	        4.671936E-07	        1.173962E-06	        1.146968E-06	        5.302387E-05	        2.625223E-06	        9.629069E-04	        3.677414E-05	        9.945204E-04	        2.383742E-06	        3.773034E-08	        1.601662E-13	        4.418903E-06	        7.266053E-05	        1.803583E-04	        1.224066E-07	        7.284782E-10	        5.318079E-07	        2.339067E-10	        0.000000E+00	        0.000000E+00	        0.000000E+00	        0.000000E+00	        0.000000E+00	        0.000000E+00	        0.000000E+00	       -2.868811E+00	       -2.127765E+00	       -3.070161E-01	       -3.421407E+00	        1.563577E+01	       -1.560359E+00	        0.000000E+00	       -1.478952E-03	       -3.384861E-05	        1.345817E+01	       -1.968011E+00	       -2.924816E-02	       -7.747933E-02	       -5.065730E-02	       -7.916369E-02	        8.299126E-01	       -1.432242E-03	       -4.794131E-02	        5.404189E-02	        3.920802E-02	       -5.041471E+00	       -9.945462E-03	       -4.532555E-04	       -7.600146E-04	       -5.334349E-05	       -3.632893E+00	       -2.153125E-07	        5.550305E-03	       -2.997434E-02	        1.259597E-04	        8.272246E-02	       -2.830766E-05	       -8.401715E-06	        2.880772E-02	        3.291719E-11	       -3.783041E-08	       -6.264025E-03	       -9.448320E-07	       -7.583346E-04	        1.968576E-01	       -2.509856E-01	       -9.779970E-02	       -7.470026E-06	       -2.011966E-04	       -5.296466E-04	       -6.964256E-04	       -1.967921E-02	       -5.338754E-03	        5.028795E-01	        3.398800E-03	        9.358313E-02	        2.565398E-04	       -1.961431E-05	       -2.889768E-11	        5.510059E-04	        3.511974E-03	       -7.200408E-04	       -6.683499E-04	       -5.511588E-07	       -4.197353E-04	        3.099972E-11	        2.427364E+03	       -2.883175E+05	        1.229542E-01	        1.785456E+09	        2.499167E-01	        9.489718E-04	        1.656597E+03	        5.393940E+02
        1.229740E-03	        4.416078E-01	        2.957180E-18	        4.026199E-23	        0.000000E+00	        1.453531E-18	        8.550263E-18	        1.016517E-17	        2.279761E-04	        3.655860E-03	        3.644436E-05	        1.901951E-03	        7.305701E-03	        1.609839E-01	        0.000000E+00	        2.551663E-06	        3.194378E-08	        1.948366E-01	        1.412637E-01	        3.619343E-05	        1.479630E-05	        1.220745E-05	        1.031513E-04	        1.460968E-03	        1.932926E-04	        1.373451E-04	        1.413366E-04	        3.203811E-04	        3.789192E-02	        7.530833E-06	        5.074843E-06	        7.181924E-06	        2.585335E-07	        1.970624E-03	        1.880055E-09	        1.217579E-05	        3.762570E-04	        7.792307E-07	        3.088095E-04	        4.643695E-08	        3.845032E-08	        3.442052E-05	        5.216431E-13	        2.929145E-11	        1.165715E-06	        2.093214E-10	        2.591080E-07	        2.677070E-03	        1.525466E-04	        6.183735E-05	        1.463739E-08	        4.328814E-07	        1.096322E-06	        1.065681E-06	        5.578742E-05	        2.307502E-06	        9.468660E-04	        3.684037E-05	        9.581760E-04	        2.310919E-06	        3.530089E-08	        1.583794E-13	        4.579442E-06	        6.946482E-05	        1.701923E-04	        1.005043E-07	        6.673563E-10	        4.847061E-07	        2.306011E-10	        0.000000E+00	        0.000000E+00	        0.000000E+00	        0.000000E+00	        0.000000E+00	        0.000000E+00	        0.000000E+00	       -2.938053E+00	       -2.300929E+00	       -3.523821E-01	       -3.632161E+00	        1.598207E+01	       -1.548040E+00	        0.000000E+00	       -1.555906E-03	       -3.707525E-05	        1.433892E+01	       -2.117360E+00	       -2.974501E-02	       -7.974139E-02	       -5.205526E-02	       -6.901241E-02	        7.900142E-01	        2.435994E-03	       -4.522575E-02	        6.373564E-02	        3.910652E-02	       -5.327584E+00	       -9.625747E-03	       -4.542422E-04	       -5.724927E-04	       -4.668122E-05	       -3.522371E+00	       -2.165989E-07	        5.894118E-03	       -3.697275E-02	        9.212869E-05	        8.336964E-02	       -2.981900E-05	       -8.199200E-06	        2.931133E-02	        2.709814E-11	       -3.588969E-08	       -5.503542E-03	       -8.268454E-07	       -6.679929E-04	        1.054937E-01	       -2.355555E-01	       -9.181687E-02	       -7.085381E-06	       -2.012570E-04	       -5.138838E-04	       -6.601941E-04	       -1.796946E-02	       -4.833301E-03	        5.014254E-01	        3.083337E-03	        8.864950E-02	        2.656049E-04	       -1.866620E-05	       -3.223793E-11	        7.660463E-04	        2.623293E-03	       -4.144365E-03	       -5.514213E-04	       -5.161742E-07	       -3.990873E-04	        2.888289E-11	        2.438140E+03	       -2.930901E+05	        1.225074E-01	        1.975008E+09	        2.463820E-01	        9.570887E-04	        1.629503E+03	        5.326916E+02
        1.233547E-03	        4.436534E-01	        2.915269E-18	        3.993846E-23	        0.000000E+00	        1.433266E-18	        8.431116E-18	        1.002108E-17	        2.375875E-04	        3.776229E-03	        4.158281E-05	        2.020750E-03	        7.254000E-03	        1.605604E-01	        0.000000E+00	        2.653361E-06	        3.376440E-08	        1.948611E-01	        1.416881E-01	        3.826486E-05	        1.628519E-05	        1.333842E-05	        1.081655E-04	        1.426374E-03	        1.967584E-04	        1.439505E-04	        1.445017E-04	        3.122576E-04	        3.603333E-02	        7.961479E-06	        4.916574E-06	        7.434872E-06	        2.686230E-07	        1.827684E-03	        1.848282E-09	        1.212740E-05	        3.573221E-04	        7.416507E-07	        3.030345E-04	        4.859808E-08	        3.688541E-08	        3.392522E-05	        5.142886E-13	        2.655313E-11	        1.014062E-06	        1.787279E-10	        2.291868E-07	        2.536194E-03	        1.377080E-04	        5.595837E-05	        1.371016E-08	        4.002487E-07	        1.023164E-06	        9.887133E-07	        5.860446E-05	        2.024468E-06	        9.286952E-04	        3.688544E-05	        9.217411E-04	        2.237344E-06	        3.299520E-08	        1.566455E-13	        4.733400E-06	        6.627737E-05	        1.601901E-04	        8.251520E-08	        6.103415E-10	        4.407754E-07	        2.273363E-10	        0.000000E+00	        0.000000E+00	        0.000000E+00	        0.000000E+00	        0.000000E+00	        0.000000E+00	        0.000000E+00	       -3.011102E+00	       -2.488527E+00	       -4.046519E-01	       -3.859116E+00	        1.633267E+01	       -1.520654E+00	        0.000000E+00	       -1.632013E-03	       -4.068815E-05	        1.526467E+01	       -2.271621E+00	       -3.008515E-02	       -8.129633E-02	       -5.305823E-02	       -5.691005E-02	        7.522531E-01	        6.903972E-03	       -4.171269E-02	        7.370529E-02	        3.901964E-02	       -5.636050E+00	       -9.181774E-03	       -4.447999E-04	       -3.594044E-04	       -3.878553E-05	       -3.407749E+00	       -2.160123E-07	        6.233300E-03	       -4.351437E-02	        6.029130E-05	        8.376876E-02	       -3.129377E-05	       -7.950457E-06	        2.961437E-02	        2.132531E-11	       -3.399838E-08	       -4.828859E-03	       -7.224785E-07	       -5.894842E-04	        1.641738E-02	       -2.205484E-01	       -8.597965E-02	       -6.716209E-06	       -2.008417E-04	       -4.971015E-04	       -6.277235E-04	       -1.586075E-02	       -4.374517E-03	        4.962559E-01	        2.742286E-03	        8.309545E-02	        2.733079E-04	       -1.774374E-05	       -3.553158E-11	        9.932927E-04	        1.729203E-03	       -7.491669E-03	       -4.551117E-04	       -4.852792E-07	       -3.808112E-04	        2.680492E-11	        2.448715E+03	       -2.978061E+05	        1.220771E-01	        2.179925E+09	        2.428912E-01	        9.650397E-04	        1.602525E+03	        5.260829E+02
        1.237354E-03	        4.456736E-01	        2.873877E-18	        3.960967E-23	        0.000000E+00	        1.413244E-18	        8.313374E-18	        9.878765E-18	        2.474485E-04	        3.904780E-03	        4.744413E-05	        2.146050E-03	        7.198939E-03	        1.601454E-01	        0.000000E+00	        2.760342E-06	        3.573059E-08	        1.948333E-01	        1.421194E-01	        4.041668E-05	        1.787426E-05	        1.453931E-05	        1.132144E-04	        1.390834E-03	        2.001560E-04	        1.506820E-04	        1.474034E-04	        3.040356E-04	        3.421560E-02	        8.402437E-06	        4.761999E-06	        7.686040E-06	        2.787336E-07	        1.693157E-03	        1.818138E-09	        1.205912E-05	        3.387703E-04	        7.043237E-07	        2.969032E-04	        5.089607E-08	        3.538235E-08	        3.334236E-05	        5.064931E-13	        2.402673E-11	        8.819310E-07	        1.523844E-10	        2.026504E-07	        2.396987E-03	        1.241268E-04	        5.057078E-05	        1.282794E-08	        3.692657E-07	        9.542988E-07	        9.158324E-07	        6.146369E-05	        1.772636E-06	        9.084556E-04	        3.691193E-05	        8.852525E-04	        2.162986E-06	        3.080663E-08	        1.549662E-13	        4.879530E-06	        6.310883E-05	        1.503792E-04	        6.774014E-08	        5.571666E-10	        3.998453E-07	        2.241117E-10	        0.000000E+00	        0.000000E+00	        0.000000E+00	        0.000000E+00	        0.000000E+00	        0.000000E+00	        0.000000E+00	       -3.087469E+00	       -2.691806E+00	       -4.648902E-01	       -4.103319E+00	        1.668715E+01	       -1.475722E+00	        0.000000E+00	       -1.706037E-03	       -4.473891E-05	        1.623628E+01	       -2.430287E+00	       -3.022401E-02	       -8.197672E-02	       -5.356696E-02	       -4.265585E-02	        7.170044E-01	        1.204117E-02	       -3.729316E-02	        8.390806E-02	        3.894123E-02	       -5.967852E+00	       -8.590484E-03	       -4.252158E-04	       -1.158556E-04	       -2.944233E-05	       -3.289965E+00	       -2.134007E-07	        6.568299E-03	       -4.963406E-02	        3.050907E-05	        8.389368E-02	       -3.268589E-05	       -7.652571E-06	        2.970198E-02	        1.562694E-11	       -3.215322E-08	       -4.231967E-03	       -6.303077E-07	       -5.211925E-04	       -6.999877E-02	       -2.060535E-01	       -8.032984E-02	       -6.367478E-06	       -1.999623E-04	       -4.794275E-04	       -5.987336E-04	       -1.331621E-02	       -3.957730E-03	        4.872854E-01	        2.389146E-03	        7.686533E-02	        2.793458E-04	       -1.686263E-05	       -3.876584E-11	        1.232075E-03	        8.376482E-04	       -1.074336E-02	       -3.756564E-04	       -4.577787E-07	       -3.644427E-04	        2.477026E-11	        2.459077E+03	       -3.024664E+05	        1.216635E-01	        2.401123E+09	        2.394436E-01	        9.728121E-04	        1.575672E+03	        5.195685E+02
        1.241161E-03	        4.476688E-01	        2.832997E-18	        3.927604E-23	        0.000000E+00	        1.393460E-18	        8.197016E-18	        9.738208E-18	        2.575639E-04	        4.042158E-03	        5.413245E-05	        2.278239E-03	        7.140491E-03	        1.597388E-01	        0.000000E+00	        2.872811E-06	        3.785650E-08	        1.947509E-01	        1.425583E-01	        4.264795E-05	        1.956274E-05	        1.580968E-05	        1.182733E-04	        1.354431E-03	        2.034679E-04	        1.575152E-04	        1.500153E-04	        2.957173E-04	        3.243916E-02	        8.852513E-06	        4.610983E-06	        7.934534E-06	        2.888297E-07	        1.566677E-03	        1.789580E-09	        1.197021E-05	        3.206163E-04	        6.673511E-07	        2.904213E-04	        5.333578E-08	        3.393854E-08	        3.267318E-05	        4.982606E-13	        2.169913E-11	        7.668241E-07	        1.297281E-10	        1.790946E-07	        2.259832E-03	        1.117121E-04	        4.563906E-05	        1.198826E-08	        3.399007E-07	        8.895357E-07	        8.468270E-07	        6.435201E-05	        1.548861E-06	        8.862242E-04	        3.692248E-05	        8.487499E-04	        2.087822E-06	        2.872890E-08	        1.533408E-13	        5.016544E-06	        5.996953E-05	        1.407859E-04	        5.560533E-08	        5.075918E-10	        3.617611E-07	        2.209268E-10	        0.000000E+00	        0.000000E+00	        0.000000E+00	        0.000000E+00	        0.000000E+00	        0.000000E+00	        0.000000E+00	       -3.166359E+00	       -2.912107E+00	       -5.343074E-01	       -4.365682E+00	        1.704466E+01	       -1.410541E+00	        0.000000E+00	       -1.776496E-03	       -4.928567E-05	        1.725435E+01	       -2.592738E+00	       -3.010809E-02	       -8.159707E-02	       -5.346809E-02	       -2.604532E-02	        6.845337E-01	        1.791781E-02	       -3.184825E-02	        9.429440E-02	        3.886246E-02	       -6.323866E+00	       -7.825860E-03	       -3.959049E-04	        1.636078E-04	       -1.841433E-05	       -3.169951E+00	       -2.086021E-07	        6.898985E-03	       -5.537808E-02	        2.765577E-06	        8.371590E-02	       -3.393520E-05	       -7.303563E-06	        2.955940E-02	        1.001399E-11	       -3.035400E-08	       -3.705241E-03	       -5.490557E-07	       -4.616990E-04	       -1.534445E-01	       -1.921397E-01	       -7.489969E-02	       -6.042195E-06	       -1.986352E-04	       -4.610065E-04	       -5.729364E-04	       -1.029950E-02	       -3.578838E-03	        4.744631E-01	        2.038696E-03	        6.990601E-02	        2.833734E-04	       -1.603377E-05	       -4.192726E-11	        1.481444E-03	       -4.347712E-05	       -1.388169E-02	       -3.100449E-04	       -4.331192E-07	       -3.495758E-04	        2.278387E-11	        2.469211E+03	       -3.070719E+05	        1.212673E-01	        2.639519E+09	        2.360388E-01	        9.803924E-04	        1.548954E+03	        5.131493E+02
        1.244969E-03	        4.496394E-01	        2.792622E-18	        3.893803E-23	        0.000000E+00	        1.373913E-18	        8.082022E-18	        9.599380E-18	        2.679388E-04	        4.189059E-03	        6.176742E-05	        2.417736E-03	        7.078627E-03	        1.593403E-01	        0.000000E+00	        2.990950E-06	        4.015800E-08	        1.946113E-01	        1.430056E-01	        4.495687E-05	        2.134839E-05	        1.714818E-05	        1.233138E-04	        1.317237E-03	        2.066742E-04	        1.644215E-04	        1.523107E-04	        2.873050E-04	        3.070446E-02	        9.310253E-06	        4.463359E-06	        8.179351E-06	        2.988700E-07	        1.447881E-03	        1.762556E-09	        1.185992E-05	        3.028734E-04	        6.308251E-07	        2.835957E-04	        5.592124E-08	        3.255117E-08	        3.191958E-05	        4.895919E-13	        1.955771E-11	        6.665514E-07	        1.102664E-10	        1.581686E-07	        2.125091E-03	        1.003773E-04	        4.112949E-05	        1.118882E-08	        3.121195E-07	        8.286834E-07	        7.815062E-07	        6.725431E-05	        1.350300E-06	        8.620936E-04	        3.691963E-05	        8.122764E-04	        2.011843E-06	        2.675609E-08	        1.517656E-13	        5.143118E-06	        5.686950E-05	        1.314349E-04	        4.563943E-08	        4.614004E-10	        3.263809E-07	        2.177810E-10	        0.000000E+00	        0.000000E+00	        0.000000E+00	        0.000000E+00	        0.000000E+00	        0.000000E+00	        0.000000E+00	       -3.246619E+00	       -3.150862E+00	       -6.142698E-01	       -4.646916E+00	        1.740387E+01	       -1.322185E+00	        0.000000E+00	       -1.841624E-03	       -5.439380E-05	        1.831911E+01	       -2.758224E+00	       -2.967413E-02	       -7.995506E-02	       -5.263395E-02	       -6.876952E-03	        6.549829E-01	        2.460288E-02	       -2.525038E-02	        1.048064E-01	        3.877120E-02	       -6.704812E+00	       -6.859095E-03	       -3.574183E-04	        4.849113E-04	       -5.444820E-06	       -3.048609E+00	       -2.014424E-07	        7.224443E-03	       -6.080343E-02	       -2.303117E-05	        8.320464E-02	       -3.496480E-05	       -6.902447E-06	        2.917233E-02	        4.476060E-12	       -2.860304E-08	       -3.241509E-03	       -4.775696E-07	       -4.097717E-04	       -2.336680E-01	       -1.788566E-01	       -6.971287E-02	       -5.741979E-06	       -1.968807E-04	       -4.419901E-04	       -5.500530E-04	       -6.775918E-03	       -3.234211E-03	        4.577747E-01	        1.706770E-03	        6.216797E-02	        2.850029E-04	       -1.526426E-05	       -4.500125E-11	        1.740110E-03	       -9.064367E-04	       -1.688965E-02	       -2.558429E-04	       -4.108566E-07	       -3.358616E-04	        2.085102E-11	        2.479103E+03	       -3.116235E+05	        1.208887E-01	        2.896006E+09	        2.326759E-01	        9.877663E-04	        1.522379E+03	        5.068258E+02
        1.248776E-03	        4.515857E-01	        2.752743E-18	        3.859607E-23	        0.000000E+00	        1.354598E-18	        7.968371E-18	        9.462256E-18	        2.785783E-04	        4.346237E-03	        7.048650E-05	        2.564990E-03	        7.013319E-03	        1.589495E-01	        0.000000E+00	        3.114923E-06	        4.265296E-08	        1.944119E-01	        1.434618E-01	        4.734061E-05	        2.322718E-05	        1.855236E-05	        1.283037E-04	        1.279321E-03	        2.097524E-04	        1.713669E-04	        1.542634E-04	        2.788008E-04	        2.901203E-02	        9.773894E-06	        4.318923E-06	        8.419352E-06	        3.088069E-07	        1.336409E-03	        1.737000E-09	        1.172757E-05	        2.855533E-04	        5.948289E-07	        2.764347E-04	        5.865528E-08	        3.121721E-08	        3.108420E-05	        4.804839E-13	        1.759037E-11	        5.791968E-07	        9.356860E-11	        1.395671E-07	        1.993102E-03	        9.004098E-05	        3.701021E-05	        1.042748E-08	        2.858860E-07	        7.715501E-07	        7.196974E-07	        7.015340E-05	        1.174387E-06	        8.361720E-04	        3.690575E-05	        7.758787E-04	        1.935054E-06	        2.488271E-08	        1.502337E-13	        5.257903E-06	        5.381826E-05	        1.223488E-04	        3.745513E-08	        4.183957E-10	        2.935734E-07	        2.146737E-10	        0.000000E+00	        0.000000E+00	        0.000000E+00	        0.000000E+00	        0.000000E+00	        0.000000E+00	        0.000000E+00	       -3.326687E+00	       -3.409592E+00	       -7.063043E-01	       -4.947450E+00	        1.776283E+01	       -1.207519E+00	        0.000000E+00	       -1.899357E-03	       -6.013647E-05	        1.943036E+01	       -2.925846E+00	       -2.884844E-02	       -7.683396E-02	       -5.092291E-02	        1.503861E-02	        6.283563E-01	        3.216166E-02	       -1.736585E-02	        1.153756E-01	        3.865142E-02	       -7.111218E+00	       -5.658975E-03	       -3.104555E-04	        8.543025E-04	        9.736137E-06	       -2.926810E+00	       -1.917357E-07	        7.542724E-03	       -6.597679E-02	       -4.704344E-05	        8.232693E-02	       -3.567834E-05	       -6.449305E-06	        2.852734E-02	       -1.020959E-12	       -2.690447E-08	       -2.834096E-03	       -4.148045E-07	       -3.643508E-04	       -3.104709E-01	       -1.662378E-01	       -6.478547E-02	       -5.467541E-06	       -1.947227E-04	       -4.225315E-04	       -5.298245E-04	       -2.713881E-03	       -2.920627E-03	        4.372444E-01	        1.410010E-03	        5.360654E-02	        2.838041E-04	       -1.455829E-05	       -4.797206E-11	        2.006359E-03	       -1.743750E-03	       -1.975087E-02	       -2.110643E-04	       -3.906321E-07	       -3.230055E-04	        1.897718E-11	        2.488737E+03	       -3.161221E+05	        1.205284E-01	        3.171430E+09	        2.293544E-01	        9.949187E-04	        1.495955E+03	        5.005988E+02
        1.252583E-03	        4.535082E-01	        2.713354E-18	        3.825062E-23	        0.000000E+00	        1.335512E-18	        7.856042E-18	        9.326809E-18	        2.894875E-04	        4.514511E-03	        8.044752E-05	        2.720482E-03	        6.944537E-03	        1.585661E-01	        0.000000E+00	        3.244857E-06	        4.536148E-08	        1.941500E-01	        1.439279E-01	        4.979502E-05	        2.519308E-05	        2.001845E-05	        1.332073E-04	        1.240742E-03	        2.126776E-04	        1.783122E-04	        1.558475E-04	        2.702069E-04	        2.736246E-02	        1.024132E-05	        4.177447E-06	        8.653243E-06	        3.185859E-07	        1.231910E-03	        1.712834E-09	        1.157250E-05	        2.686666E-04	        5.594374E-07	        2.689486E-04	        6.153910E-08	        2.993340E-08	        3.017039E-05	        4.709298E-13	        1.578554E-11	        5.030864E-07	        7.925906E-11	        1.230240E-07	        1.864179E-03	        8.062649E-05	        3.325129E-05	        9.702289E-09	        2.611625E-07	        7.179452E-07	        6.612445E-07	        7.302989E-05	        1.018802E-06	        8.085826E-04	        3.688294E-05	        7.396071E-04	        1.857477E-06	        2.310369E-08	        1.487349E-13	        5.359533E-06	        5.082488E-05	        1.135489E-04	        3.073407E-08	        3.783977E-10	        2.632149E-07	        2.116043E-10	        0.000000E+00	        0.000000E+00	        0.000000E+00	        0.000000E+00	        0.000000E+00	        0.000000E+00	        0.000000E+00	       -3.404531E+00	       -3.689899E+00	       -8.120970E-01	       -5.267328E+00	        1.811893E+01	       -1.063223E+00	        0.000000E+00	       -1.947297E-03	       -6.659521E-05	        2.058729E+01	       -3.094538E+00	       -2.754660E-02	       -7.200667E-02	       -4.818084E-02	        3.986633E-02	        6.045086E-01	        4.065245E-02	       -8.058901E-03	        1.259207E-01	        3.848243E-02	       -7.543356E+00	       -4.192572E-03	       -2.558785E-04	        1.278130E-03	        2.740231E-05	       -2.805377E+00	       -1.792880E-07	        7.850575E-03	       -7.097289E-02	       -6.949562E-05	        8.104768E-02	       -3.595778E-05	       -5.945389E-06	        2.761249E-02	       -6.539150E-12	       -2.526356E-08	       -2.476845E-03	       -3.598117E-07	       -3.245314E-04	       -3.837002E-01	       -1.543019E-01	       -6.012703E-02	       -5.219065E-06	       -1.921875E-04	       -4.027830E-04	       -5.120166E-04	        1.913332E-03	       -2.635206E-03	        4.129369E-01	        1.165565E-03	        4.418353E-02	        2.793053E-04	       -1.391791E-05	       -5.082329E-11	        2.277975E-03	       -2.548285E-03	       -2.244947E-02	       -1.740777E-04	       -3.721538E-07	       -3.107624E-04	        1.716794E-11	        2.498097E+03	       -3.205686E+05	        1.201870E-01	        3.466556E+09	        2.260736E-01	        1.001834E-03	        1.469688E+03	        4.944690E+02
        1.256390E-03	        4.554071E-01	        2.674446E-18	        3.790215E-23	        0.000000E+00	        1.316651E-18	        7.745015E-18	        9.193012E-18	        3.006713E-04	        4.694764E-03	        9.183141E-05	        2.884722E-03	        6.872253E-03	        1.581897E-01	        0.000000E+00	        3.380845E-06	        4.830618E-08	        1.938227E-01	        1.444044E-01	        5.231447E-05	        2.723777E-05	        2.154119E-05	        1.379845E-04	        1.201554E-03	        2.154220E-04	        1.852119E-04	        1.570375E-04	        2.615258E-04	        2.575641E-02	        1.071003E-05	        4.038674E-06	        8.879559E-06	        3.281443E-07	        1.134038E-03	        1.689966E-09	        1.139407E-05	        2.522231E-04	        5.247186E-07	        2.611488E-04	        6.457166E-08	        2.869628E-08	        2.918227E-05	        4.609190E-13	        1.413218E-11	        4.367606E-07	        6.701072E-11	        1.083066E-07	        1.738614E-03	        7.206203E-05	        2.982471E-05	        9.011445E-09	        2.379096E-07	        6.676799E-07	        6.060061E-07	        7.586212E-05	        8.814477E-07	        7.794625E-04	        3.685292E-05	        7.035159E-04	        1.779152E-06	        2.141436E-08	        1.472549E-13	        5.446637E-06	        4.789781E-05	        1.050543E-04	        2.521464E-08	        3.412412E-10	        2.351887E-07	        2.085723E-10	        0.000000E+00	        0.000000E+00	        0.000000E+00	        0.000000E+00	        0.000000E+00	        0.000000E+00	        0.000000E+00	       -3.477603E+00	       -3.993457E+00	       -9.334813E-01	       -5.606092E+00	        1.846870E+01	       -8.858275E-01	        0.000000E+00	       -1.982704E-03	       -7.386033E-05	        2.178840E+01	       -3.263048E+00	       -2.567362E-02	       -6.524171E-02	       -4.424386E-02	        6.773106E-02	        5.831347E-01	        5.012278E-02	        2.801935E-03	        1.363440E-01	        3.823818E-02	       -8.001172E+00	       -2.426314E-03	       -1.947268E-04	        1.762539E-03	        4.781784E-05	       -2.685078E+00	       -1.639039E-07	        8.143130E-03	       -7.587231E-02	       -9.066270E-05	        7.932997E-02	       -3.566222E-05	       -5.393245E-06	        2.641797E-02	       -1.217131E-11	       -2.368595E-08	       -2.164123E-03	       -3.117295E-07	       -2.895448E-04	       -4.532402E-01	       -1.430552E-01	       -5.574149E-02	       -4.996487E-06	       -1.893034E-04	       -3.828954E-04	       -4.964200E-04	        7.125371E-03	       -2.375371E-03	        3.849591E-01	        9.907042E-04	        3.386912E-02	        2.709994E-04	       -1.334364E-05	       -5.353915E-11	        2.552144E-03	       -3.313349E-03	       -2.497001E-02	       -1.435381E-04	       -3.551818E-07	       -2.989315E-04	        1.542883E-11	        2.507165E+03	       -3.249640E+05	        1.198649E-01	        3.782031E+09	        2.228330E-01	        1.008496E-03	        1.443586E+03	        4.884371E+02
        1.260198E-03	        4.572830E-01	        2.636012E-18	        3.755114E-23	        0.000000E+00	        1.298012E-18	        7.635268E-18	        9.060838E-18	        3.121341E-04	        4.887954E-03	        1.048453E-04	        3.058254E-03	        6.796440E-03	        1.578197E-01	        0.000000E+00	        3.522926E-06	        5.151253E-08	        1.934272E-01	        1.448922E-01	        5.489147E-05	        2.935036E-05	        2.311361E-05	        1.425909E-04	        1.161805E-03	        2.179547E-04	        1.920140E-04	        1.578088E-04	        2.527601E-04	        2.419458E-02	        1.117707E-05	        3.902330E-06	        9.096643E-06	        3.374105E-07	        1.042459E-03	        1.668289E-09	        1.119173E-05	        2.362317E-04	        4.907345E-07	        2.530492E-04	        6.774907E-08	        2.750221E-08	        2.812471E-05	        4.504374E-13	        1.261980E-11	        3.789483E-07	        5.653933E-11	        9.521130E-08	        1.616674E-03	        6.428054E-05	        2.670431E-05	        8.353312E-09	        2.160866E-07	        6.205684E-07	        5.538547E-07	        7.862610E-05	        7.604278E-07	        7.489624E-04	        3.681692E-05	        6.676634E-04	        1.700142E-06	        1.981051E-08	        1.457756E-13	        5.517855E-06	        4.504486E-05	        9.688216E-05	        2.068187E-08	        3.067740E-10	        2.093828E-07	        2.055770E-10	        0.000000E+00	        0.000000E+00	        0.000000E+00	        0.000000E+00	        0.000000E+00	        0.000000E+00	        0.000000E+00	       -3.542793E+00	       -4.321992E+00	       -1.072411E+00	       -5.962649E+00	        1.880778E+01	       -6.717716E-01	        0.000000E+00	       -2.002479E-03	       -8.203107E-05	        2.303129E+01	       -3.429915E+00	       -2.312488E-02	       -5.631151E-02	       -3.894284E-02	        9.869774E-02	        5.637626E-01	        6.060464E-02	        1.533506E-02	        1.465281E-01	        3.788658E-02	       -8.484204E+00	       -3.276033E-04	       -1.282336E-04	        2.313061E-03	        7.121851E-05	       -2.566616E+00	       -1.454014E-07	        8.413599E-03	       -8.075862E-02	       -1.108547E-04	        7.713533E-02	       -3.462954E-05	       -4.796870E-06	        2.493693E-02	       -1.804331E-11	       -2.217680E-08	       -1.890812E-03	       -2.697774E-07	       -2.587403E-04	       -5.190013E-01	       -1.324935E-01	       -5.162818E-02	       -4.799657E-06	       -1.860994E-04	       -3.630235E-04	       -4.828462E-04	        1.293224E-02	       -2.138800E-03	        3.534622E-01	        9.022575E-04	        2.264413E-02	        2.583551E-04	       -1.283488E-05	       -5.610678E-11	        2.825351E-03	       -4.032766E-03	       -2.729735E-02	       -1.183337E-04	       -3.395167E-07	       -2.873502E-04	        1.376529E-11	        2.515922E+03	       -3.293091E+05	        1.195630E-01	        4.118327E+09	        2.196318E-01	        1.014886E-03	        1.417653E+03	        4.825038E+02
        1.264005E-03	        4.591361E-01	        2.598044E-18	        3.719808E-23	        0.000000E+00	        1.279592E-18	        7.526780E-18	        8.930261E-18	        3.238793E-04	        5.095118E-03	        1.197256E-04	        3.241646E-03	        6.717073E-03	        1.574557E-01	        0.000000E+00	        3.671082E-06	        5.500919E-08	        1.929603E-01	        1.453918E-01	        5.751640E-05	        3.151714E-05	        2.472679E-05	        1.469782E-04	        1.121538E-03	        2.202420E-04	        1.986594E-04	        1.581381E-04	        2.439127E-04	        2.267774E-02	        1.163899E-05	        3.768123E-06	        9.302626E-06	        3.463037E-07	        9.568476E-04	        1.647682E-09	        1.096500E-05	        2.207015E-04	        4.575424E-07	        2.446651E-04	        7.106379E-08	        2.634740E-08	        2.700336E-05	        4.394679E-13	        1.123848E-11	        3.285444E-07	        4.759833E-11	        8.355920E-08	        1.498603E-03	        5.721963E-05	        2.386575E-05	        7.726412E-09	        1.956519E-07	        5.764289E-07	        5.046750E-07	        8.129553E-05	        6.540281E-07	        7.172454E-04	        3.677560E-05	        6.321116E-04	        1.620532E-06	        1.828828E-08	        1.442745E-13	        5.571860E-06	        4.227317E-05	        8.904762E-05	        1.695922E-08	        2.748550E-10	        1.856893E-07	        2.026179E-10	        0.000000E+00	        0.000000E+00	        0.000000E+00	        0.000000E+00	        0.000000E+00	        0.000000E+00	        0.000000E+00	       -3.596398E+00	       -4.677258E+00	       -1.230918E+00	       -6.335110E+00	        1.913077E+01	       -4.174772E-01	        0.000000E+00	       -2.003171E-03	       -9.121531E-05	        2.431251E+01	       -3.593453E+00	       -1.978776E-02	       -4.500338E-02	       -3.210976E-02	        1.327472E-01	        5.457495E-01	        7.210905E-02	        2.963377E-02	        1.563310E-01	        3.738892E-02	       -8.991478E+00	        2.132810E-03	       -5.783729E-05	        2.934087E-03	        9.778557E-05	       -2.450623E+00	       -1.236397E-07	        8.652958E-03	       -8.571480E-02	       -1.303942E-04	        7.442423E-02	       -3.268383E-05	       -4.161879E-06	        2.316642E-02	       -2.431689E-11	       -2.073969E-08	       -1.652286E-03	       -2.332501E-07	       -2.315676E-04	       -5.809082E-01	       -1.226039E-01	       -4.778262E-02	       -4.628370E-06	       -1.826048E-04	       -3.433415E-04	       -4.711195E-04	        1.933133E-02	       -1.923404E-03	        3.186442E-01	        9.157745E-04	        1.050268E-02	        2.408352E-04	       -1.239018E-05	       -5.852076E-11	        3.093262E-03	       -4.700952E-03	       -2.941669E-02	       -9.754773E-05	       -3.249896E-07	       -2.758892E-04	        1.218255E-11	        2.524348E+03	       -3.336049E+05	        1.192820E-01	        4.475687E+09	        2.164694E-01	        1.020986E-03	        1.391895E+03	        4.766699E+02
        1.267812E-03	        4.609668E-01	        2.560534E-18	        3.684348E-23	        0.000000E+00	        1.261386E-18	        7.419529E-18	        8.801253E-18	        3.359089E-04	        5.317377E-03	        1.367414E-04	        3.435490E-03	        6.634130E-03	        1.570969E-01	        0.000000E+00	        3.825224E-06	        5.882839E-08	        1.924190E-01	        1.459040E-01	        6.017718E-05	        3.372133E-05	        2.636966E-05	        1.510937E-04	        1.080792E-03	        2.222473E-04	        2.050816E-04	        1.580034E-04	        2.349872E-04	        2.120672E-02	        1.209182E-05	        3.635753E-06	        9.495420E-06	        3.547328E-07	        8.768904E-04	        1.628007E-09	        1.071350E-05	        2.056412E-04	        4.251961E-07	        2.360145E-04	        7.450390E-08	        2.522791E-08	        2.582463E-05	        4.279902E-13	        9.978865E-12	        2.845888E-07	        3.997426E-11	        7.319312E-08	        1.384624E-03	        5.082129E-05	        2.128648E-05	        7.129419E-09	        1.765627E-07	        5.350842E-07	        4.583632E-07	        8.384181E-05	        5.606986E-07	        6.844857E-04	        3.672895E-05	        5.969269E-04	        1.540437E-06	        1.684424E-08	        1.427245E-13	        5.607378E-06	        3.958911E-05	        8.156375E-05	        1.390176E-08	        2.453534E-10	        1.640030E-07	        1.996944E-10	        0.000000E+00	        0.000000E+00	        0.000000E+00	        0.000000E+00	        0.000000E+00	        0.000000E+00	        0.000000E+00	       -3.634105E+00	       -5.061003E+00	       -1.411033E+00	       -6.720634E+00	        1.943115E+01	       -1.194512E-01	        0.000000E+00	       -1.980998E-03	       -1.015287E-04	        2.562730E+01	       -3.751727E+00	       -1.554432E-02	       -3.113325E-02	       -2.358613E-02	        1.697471E-01	        5.282841E-01	        8.461995E-02	        4.575061E-02	        1.655793E-01	        3.669955E-02	       -9.521388E+00	        4.977022E-03	        1.481319E-05	        3.628222E-03	        1.276088E-04	       -2.337651E+00	       -9.857331E-08	        8.849654E-03	       -9.081881E-02	       -1.495820E-04	        7.115675E-02	       -2.965558E-05	       -3.495918E-06	        2.110844E-02	       -3.118862E-11	       -1.937456E-08	       -1.444395E-03	       -2.015155E-07	       -2.075616E-04	       -6.388870E-01	       -1.133666E-01	       -4.419729E-02	       -4.482252E-06	       -1.788487E-04	       -3.240955E-04	       -4.610653E-04	        2.630408E-02	       -1.727320E-03	        2.807518E-01	        1.044212E-03	       -2.544631E-03	        2.179240E-04	       -1.200732E-05	       -6.079284E-11	        3.350569E-03	       -5.312981E-03	       -3.131353E-02	       -8.043286E-05	       -3.114569E-07	       -2.644470E-04	        1.068555E-11	        2.532420E+03	       -3.378524E+05	        1.190225E-01	        4.854053E+09	        2.133452E-01	        1.026778E-03	        1.366318E+03	        4.709361E+02
        1.271619E-03	        4.627756E-01	        2.523474E-18	        3.648785E-23	        0.000000E+00	        1.243391E-18	        7.313495E-18	        8.673787E-18	        3.482234E-04	        5.555940E-03	        1.561977E-04	        3.640399E-03	        6.547593E-03	        1.567427E-01	        0.000000E+00	        3.985176E-06	        6.300633E-08	        1.918002E-01	        1.464294E-01	        6.285887E-05	        3.594288E-05	        2.802879E-05	        1.548809E-04	        1.039604E-03	        2.239308E-04	        2.112070E-04	        1.573848E-04	        2.259881E-04	        1.978239E-02	        1.253104E-05	        3.504915E-06	        9.672711E-06	        3.625969E-07	        8.022858E-04	        1.609111E-09	        1.043697E-05	        1.910601E-04	        3.937471E-07	        2.271171E-04	        7.805225E-08	        2.413973E-08	        2.459564E-05	        4.159824E-13	        8.832156E-12	        2.462487E-07	        3.348266E-11	        6.397461E-08	        1.274935E-03	        4.503181E-05	        1.894558E-05	        6.561153E-09	        1.587757E-07	        4.963640E-07	        4.148254E-07	        8.623422E-05	        4.790386E-07	        6.508677E-04	        3.667624E-05	        5.621792E-04	        1.459998E-06	        1.547529E-08	        1.410943E-13	        5.623216E-06	        3.699832E-05	        7.444141E-05	        1.139069E-08	        2.181469E-10	        1.442215E-07	        1.968059E-10	        0.000000E+00	        0.000000E+00	        0.000000E+00	        0.000000E+00	        0.000000E+00	        0.000000E+00	        0.000000E+00	       -3.651001E+00	       -5.474931E+00	       -1.614693E+00	       -7.115249E+00	        1.970118E+01	        2.255866E-01	        0.000000E+00	       -1.931884E-03	       -1.130924E-04	        2.696942E+01	       -3.902543E+00	       -1.027462E-02	       -1.456246E-02	       -1.323251E-02	        2.094186E-01	        5.103966E-01	        9.808748E-02	        6.367749E-02	        1.740589E-01	        3.576591E-02	       -1.007156E+01	        8.212684E-03	        8.786960E-05	        4.395528E-03	        1.606322E-04	       -2.228163E+00	       -7.035883E-08	        8.989393E-03	       -9.613849E-02	       -1.686310E-04	        6.729352E-02	       -2.542986E-05	       -2.815704E-06	        1.877188E-02	       -3.888588E-11	       -1.807342E-08	       -1.263428E-03	       -1.740139E-07	       -1.863290E-04	       -6.928505E-01	       -1.047562E-01	       -4.086235E-02	       -4.360450E-06	       -1.748693E-04	       -3.057636E-04	       -4.524969E-04	        3.381248E-02	       -1.549677E-03	        2.400830E-01	        1.295859E-03	       -1.646722E-02	        1.891658E-04	       -1.168323E-05	       -6.297761E-11	        3.590731E-03	       -5.864639E-03	       -3.297378E-02	       -6.641316E-05	       -2.988230E-07	       -2.529454E-04	        9.278826E-12	        2.540118E+03	       -3.420525E+05	        1.187855E-01	        5.252984E+09	        2.102584E-01	        1.032241E-03	        1.340924E+03	        4.653031E+02
        1.275427E-03	        4.645629E-01	        2.486856E-18	        3.613173E-23	        0.000000E+00	        1.225604E-18	        7.208654E-18	        8.547835E-18	        3.608207E-04	        5.812114E-03	        1.784386E-04	        3.856995E-03	        6.457450E-03	        1.563922E-01	        0.000000E+00	        4.150665E-06	        6.758362E-08	        1.911005E-01	        1.469686E-01	        6.554341E-05	        3.815836E-05	        2.968826E-05	        1.582799E-04	        9.980119E-04	        2.252503E-04	        2.169542E-04	        1.562649E-04	        2.169207E-04	        1.840567E-02	        1.295157E-05	        3.375308E-06	        9.831958E-06	        3.697851E-07	        7.327448E-04	        1.590827E-09	        1.013534E-05	        1.769678E-04	        3.632455E-07	        2.179956E-04	        8.168607E-08	        2.307884E-08	        2.332423E-05	        4.034213E-13	        7.790051E-12	        2.128018E-07	        2.796449E-11	        5.578160E-08	        1.169714E-03	        3.980144E-05	        1.682376E-05	        6.020576E-09	        1.422472E-07	        4.601069E-07	        3.739769E-07	        8.844009E-05	        4.077869E-07	        6.165839E-04	        3.661597E-05	        5.279421E-04	        1.379391E-06	        1.417870E-08	        1.393481E-13	        5.618298E-06	        3.450560E-05	        6.768924E-05	        9.329064E-09	        1.931216E-10	        1.262437E-07	        1.939518E-10	        0.000000E+00	        0.000000E+00	        0.000000E+00	        0.000000E+00	        0.000000E+00	        0.000000E+00	        0.000000E+00	       -3.641614E+00	       -5.920639E+00	       -1.843585E+00	       -7.513690E+00	        1.993184E+01	        6.205447E-01	        0.000000E+00	       -1.851530E-03	       -1.260293E-04	        2.833087E+01	       -4.043430E+00	       -3.859912E-03	        4.782556E-03	       -9.370544E-04	        2.513010E-01	        4.909811E-01	        1.124215E-01	        8.332130E-02	        1.814969E-01	        3.452912E-02	       -1.063864E+01	        1.181484E-02	        1.593304E-04	        5.232808E-03	        1.965711E-04	       -2.122533E+00	       -3.957016E-08	        9.055256E-03	       -1.017258E-01	       -1.875213E-04	        6.279689E-02	       -2.005801E-05	       -2.328116E-06	        1.619918E-02	       -5.305754E-11	       -1.681066E-08	       -1.106087E-03	       -1.502635E-07	       -1.675381E-04	       -7.426829E-01	       -9.674348E-02	       -3.776623E-02	       -4.261058E-06	       -1.725821E-04	       -2.895637E-04	       -4.451995E-04	        4.179552E-02	       -1.416160E-03	        1.969893E-01	        1.671027E-03	       -3.121018E-02	        1.542216E-04	       -1.141374E-05	       -7.144498E-11	        3.805472E-03	       -6.352474E-03	       -3.438390E-02	       -5.516131E-05	       -2.895562E-07	       -2.413228E-04	        7.966409E-12	        2.547417E+03	       -3.462060E+05	        1.185719E-01	        5.671555E+09	        2.072084E-01	        1.037354E-03	        1.317281E+03	        4.600448E+02
        1.277330E-03	        4.654493E-01	        2.468694E-18	        3.595089E-23	        0.000000E+00	        1.216776E-18	        7.156585E-18	        8.485359E-18	        3.672298E-04	        5.947478E-03	        1.907626E-04	        3.970025E-03	        6.410978E-03	        1.562179E-01	        0.000000E+00	        4.235426E-06	        7.004180E-08	        1.907186E-01	        1.472438E-01	        6.687984E-05	        3.925472E-05	        3.051189E-05	        1.598113E-04	        9.770585E-04	        2.257569E-04	        2.196550E-04	        1.555103E-04	        2.123597E-04	        1.773495E-02	        1.315289E-05	        3.310799E-06	        9.903828E-06	        3.730831E-07	        6.997448E-04	        1.581839E-09	        9.975004E-06	        1.701031E-04	        3.483555E-07	        2.133557E-04	        8.352626E-08	        2.255706E-08	        2.267512E-05	        3.969285E-13	        7.304910E-12	        1.976697E-07	        2.551787E-11	        5.202683E-08	        1.118795E-03	        3.737703E-05	        1.583765E-05	        5.760120E-09	        1.344367E-07	        4.428347E-07	        3.545174E-07	        8.946090E-05	        3.756820E-07	        5.992507E-04	        3.658212E-05	        5.110290E-04	        1.339064E-06	        1.355614E-08	        1.384316E-13	        5.607678E-06	        3.329653E-05	        6.445179E-05	        8.437266E-09	        1.813844E-10	        1.178881E-07	        1.925361E-10	        0.000000E+00	        0.000000E+00	        0.000000E+00	        0.000000E+00	        0.000000E+00	        0.000000E+00	        0.000000E+00	       -3.619856E+00	       -6.156093E+00	       -1.972186E+00	       -7.713512E+00	        2.002495E+01	        8.405150E-01	        0.000000E+00	       -1.797689E-03	       -1.332289E-04	        2.901682E+01	       -4.108954E+00	       -9.000962E-05	        1.550727E-02	        6.165568E-03	        2.739646E-01	        4.798306E-01	        1.199113E-01	        9.450179E-02	        1.849386E-01	        3.380770E-02	       -1.092949E+01	        1.393483E-02	        1.943521E-04	        5.699156E-03	        2.170864E-04	       -2.071107E+00	       -1.679081E-08	        9.063920E-03	       -1.046781E-01	       -1.983975E-04	        6.031913E-02	       -1.511030E-05	       -1.722465E-06	        1.473290E-02	       -5.307481E-11	       -1.631387E-08	       -1.033898E-03	       -1.391089E-07	       -1.586583E-04	       -7.662554E-01	       -9.287920E-02	       -3.627648E-02	       -4.240564E-06	       -1.679892E-04	       -2.768489E-04	       -4.419658E-04	        4.593330E-02	       -1.307181E-03	        1.745804E-01	        2.114370E-03	       -3.890763E-02	        1.340712E-04	       -1.131330E-05	       -6.602410E-11	        3.909775E-03	       -6.571775E-03	       -3.499271E-02	       -4.953268E-05	       -2.803432E-07	       -2.354110E-04	        7.346154E-12	        2.550907E+03	       -3.482734E+05	        1.184742E-01	        5.888524E+09	        2.056956E-01	        1.039771E-03	        1.305466E+03	        4.574444E+02
        1.279234E-03	        4.663305E-01	        2.450639E-18	        3.576588E-23	        0.000000E+00	        1.207993E-18	        7.104756E-18	        8.423249E-18	        3.737074E-04	        6.087795E-03	        2.039357E-04	        4.086218E-03	        6.363603E-03	        1.560442E-01	        0.000000E+00	        4.321417E-06	        7.261783E-08	        1.903153E-01	        1.475227E-01	        6.820839E-05	        4.033910E-05	        3.132827E-05	        1.612212E-04	        9.560191E-04	        2.261552E-04	        2.222263E-04	        1.546248E-04	        2.077843E-04	        1.707655E-02	        1.334730E-05	        3.246493E-06	        9.970099E-06	        3.761644E-07	        6.679128E-04	        1.572929E-09	        9.808453E-06	        1.633652E-04	        3.337229E-07	        2.086692E-04	        8.537449E-08	        2.204057E-08	        2.201866E-05	        3.902891E-13	        6.843210E-12	        1.835368E-07	        2.326516E-11	        4.848963E-08	        1.069055E-03	        3.507587E-05	        1.489991E-05	        5.506307E-09	        1.269245E-07	        4.261192E-07	        3.357046E-07	        9.042189E-05	        3.457612E-07	        5.818265E-04	        3.654512E-05	        4.942736E-04	        1.298778E-06	        1.295087E-08	        1.374705E-13	        5.591514E-06	        3.211351E-05	        6.130943E-05	        7.629120E-09	        1.701533E-10	        1.099476E-07	        1.911288E-10	        0.000000E+00	        0.000000E+00	        0.000000E+00	        0.000000E+00	        0.000000E+00	        0.000000E+00	        0.000000E+00	       -3.588889E+00	       -6.400016E+00	       -2.107927E+00	       -7.911588E+00	        2.010394E+01	        1.073987E+00	        0.000000E+00	       -1.734377E-03	       -1.408431E-04	        2.970367E+01	       -4.170904E+00	        4.007155E-03	        2.690495E-02	        1.377548E-02	        2.969981E-01	        4.677993E-01	        1.275584E-01	        1.060922E-01	        1.880997E-01	        3.298657E-02	       -1.122306E+01	        1.615960E-02	        2.279565E-04	        6.182038E-03	        2.383696E-04	       -2.020757E+00	        6.987829E-09	        9.049597E-03	       -1.077130E-01	       -2.094625E-04	        5.767627E-02	       -9.617199E-06	       -1.186924E-06	        1.321695E-02	       -5.378484E-11	       -1.583414E-08	       -9.665891E-04	       -1.287347E-07	       -1.502892E-04	       -7.887420E-01	       -8.915387E-02	       -3.484233E-02	       -4.226282E-06	       -1.638583E-04	       -2.645170E-04	       -4.389835E-04	        5.015131E-02	       -1.207920E-03	        1.517225E-01	        2.603498E-03	       -4.678073E-02	        1.122211E-04	       -1.122514E-05	       -6.111942E-11	        4.006410E-03	       -6.774173E-03	       -3.553465E-02	       -4.443182E-05	       -2.719258E-07	       -2.294588E-04	        6.750740E-12	        2.554287E+03	       -3.503289E+05	        1.183828E-01	        6.109807E+09	        2.041919E-01	        1.042092E-03	        1.292140E+03	        4.545967E+02
        1.283041E-03	        4.680757E-01	        2.414883E-18	        3.539266E-23	        0.000000E+00	        1.190589E-18	        7.002032E-18	        8.300230E-18	        3.868520E-04	        6.383562E-03	        2.329677E-04	        4.328080E-03	        6.266239E-03	        1.556984E-01	        0.000000E+00	        4.496717E-06	        7.813769E-08	        1.894439E-01	        1.480911E-01	        7.082947E-05	        4.245855E-05	        3.292947E-05	        1.636502E-04	        9.137364E-04	        2.266098E-04	        2.269391E-04	        1.524604E-04	        1.986017E-04	        1.579808E-02	        1.371255E-05	        3.118496E-06	        1.008461E-05	        3.816216E-07	        6.076975E-04	        1.555252E-09	        9.457240E-06	        1.502842E-04	        3.052738E-07	        1.991761E-04	        8.907104E-08	        2.102207E-08	        2.068851E-05	        3.765574E-13	        5.988330E-12	        1.580821E-07	        1.929895E-11	        4.203594E-08	        9.732316E-04	        3.083003E-05	        1.316449E-05	        5.018772E-09	        1.127796E-07	        3.943074E-07	        3.000187E-07	        9.215001E-05	        2.919982E-07	        5.468140E-04	        3.645957E-05	        4.612936E-04	        1.218490E-06	        1.179235E-08	        1.353708E-13	        5.542355E-06	        2.982849E-05	        5.531560E-05	        6.238284E-09	        1.491727E-10	        9.528414E-08	        1.883416E-10	        0.000000E+00	        0.000000E+00	        0.000000E+00	        0.000000E+00	        0.000000E+00	        0.000000E+00	        0.000000E+00	       -3.506683E+00	       -6.913319E+00	       -2.392752E+00	       -8.296101E+00	        2.022228E+01	        1.576348E+00	        0.000000E+00	       -1.579052E-03	       -1.569652E-04	        3.107165E+01	       -4.283211E+00	        1.297349E-02	        5.159594E-02	        3.000279E-02	        3.417254E-01	        4.413981E-01	        1.431297E-01	        1.288927E-01	        1.931585E-01	        3.096128E-02	       -1.181136E+01	        2.053687E-02	        2.886699E-04	        7.146221E-03	        2.799727E-04	       -1.923677E+00	        4.587499E-08	        8.932688E-03	       -1.139423E-01	       -2.297508E-04	        5.186106E-02	       -3.122774E-07	       -7.056849E-07	        1.019373E-02	       -7.105904E-11	       -1.473335E-08	       -8.478188E-04	       -1.109978E-07	       -1.354917E-04	       -8.299074E-01	       -8.223479E-02	       -3.218289E-02	       -4.179027E-06	       -1.614234E-04	       -2.496299E-04	       -4.336606E-04	        5.876945E-02	       -1.103089E-03	        1.050608E-01	        3.333390E-03	       -6.291313E-02	        6.487062E-05	       -1.105605E-05	       -6.926356E-11	        4.158475E-03	       -7.127307E-03	       -3.641198E-02	       -3.691444E-05	       -2.640519E-07	       -2.175285E-04	        5.636315E-12	        2.560711E+03	       -3.543911E+05	        1.182188E-01	        6.562673E+09	        2.012136E-01	        1.046438E-03	        1.265769E+03	        4.489984E+02
        1.286848E-03	        4.698005E-01	        2.379543E-18	        3.501996E-23	        0.000000E+00	        1.173382E-18	        6.900439E-18	        8.178641E-18	        4.002523E-04	        6.701483E-03	        2.660922E-04	        4.583450E-03	        6.165293E-03	        1.553534E-01	        0.000000E+00	        4.676004E-06	        8.421113E-08	        1.884820E-01	        1.486746E-01	        7.337637E-05	        4.448151E-05	        3.446677E-05	        1.654958E-04	        8.711792E-04	        2.265617E-04	        2.309846E-04	        1.497615E-04	        1.893756E-04	        1.457013E-02	        1.404019E-05	        2.990923E-06	        1.017211E-05	        3.860093E-07	        5.517577E-04	        1.537532E-09	        9.082160E-06	        1.377260E-04	        2.779298E-07	        1.895414E-04	        9.272594E-08	        2.001886E-08	        1.934316E-05	        3.622154E-13	        5.216917E-12	        1.358758E-07	        1.594564E-11	        3.631761E-08	        8.822791E-04	        2.701515E-05	        1.159859E-05	        4.556796E-09	        9.975825E-08	        3.644869E-07	        2.668112E-07	        9.358570E-05	        2.455217E-07	        5.117476E-04	        3.635415E-05	        4.290632E-04	        1.138755E-06	        1.069992E-08	        1.330267E-13	        5.470157E-06	        2.765110E-05	        4.970400E-05	        5.094844E-09	        1.300641E-10	        8.212855E-08	        1.855869E-10	        0.000000E+00	        0.000000E+00	        0.000000E+00	        0.000000E+00	        0.000000E+00	        0.000000E+00	        0.000000E+00	       -3.377379E+00	       -7.461762E+00	       -2.707002E+00	       -8.658782E+00	        2.026515E+01	        2.133826E+00	        0.000000E+00	       -1.380288E-03	       -1.749303E-04	        3.242215E+01	       -4.376386E+00	        2.329738E-02	        7.860584E-02	        4.811222E-02	        3.865137E-01	        4.093200E-01	        1.589307E-01	        1.528606E-01	        1.963618E-01	        2.842833E-02	       -1.240089E+01	        2.527989E-02	        3.400045E-04	        8.152772E-03	        3.236206E-04	       -1.830972E+00	        8.996139E-08	        8.684776E-03	       -1.204701E-01	       -2.509042E-04	        4.534932E-02	        1.172238E-05	       -8.957290E-08	        6.961641E-03	       -8.547970E-11	       -1.374075E-08	       -7.445030E-04	       -9.559344E-08	       -1.222776E-04	       -8.664221E-01	       -7.579708E-02	       -2.971667E-02	       -4.161223E-06	       -1.565595E-04	       -2.340172E-04	       -4.288148E-04	        6.747653E-02	       -9.816191E-04	        5.735333E-02	        4.278356E-03	       -7.954468E-02	        1.076547E-05	       -1.093128E-05	       -7.143092E-11	        4.264328E-03	       -7.411253E-03	       -3.700712E-02	       -3.052397E-05	       -2.533538E-07	       -2.054162E-04	        4.623842E-12	        2.566658E+03	       -3.584097E+05	        1.180811E-01	        7.028696E+09	        1.982702E-01	        1.050368E-03	        1.241148E+03	        4.437776E+02
        1.290656E-03	        4.715054E-01	        2.344613E-18	        3.464911E-23	        0.000000E+00	        1.156367E-18	        6.799952E-18	        8.058453E-18	        4.138906E-04	        7.043291E-03	        3.038340E-04	        4.852867E-03	        6.060799E-03	        1.550080E-01	        0.000000E+00	        4.858475E-06	        9.090129E-08	        1.874264E-01	        1.492736E-01	        7.581572E-05	        4.637203E-05	        3.591395E-05	        1.666941E-04	        8.284041E-04	        2.259631E-04	        2.342591E-04	        1.465263E-04	        1.801183E-04	        1.339369E-02	        1.432309E-05	        2.863569E-06	        1.022938E-05	        3.891865E-07	        4.998574E-04	        1.519529E-09	        8.684299E-06	        1.257034E-04	        2.517444E-07	        1.797982E-04	        9.628020E-08	        1.902753E-08	        1.799245E-05	        3.472519E-13	        4.522798E-12	        1.165116E-07	        1.311791E-11	        3.125964E-08	        7.962871E-04	        2.359510E-05	        1.018830E-05	        4.119905E-09	        8.781507E-08	        3.365262E-07	        2.360219E-07	        9.469294E-05	        2.054942E-07	        4.768352E-04	        3.622324E-05	        3.976658E-04	        1.059880E-06	        9.671983E-09	        1.303910E-13	        5.374641E-06	        2.558287E-05	        4.447394E-05	        4.155308E-09	        1.127340E-10	        7.038438E-08	        1.828641E-10	        0.000000E+00	        0.000000E+00	        0.000000E+00	        0.000000E+00	        0.000000E+00	        0.000000E+00	        0.000000E+00	       -3.194267E+00	       -8.045688E+00	       -3.049873E+00	       -8.987775E+00	        2.021873E+01	        2.745871E+00	        0.000000E+00	       -1.134666E-03	       -1.948468E-04	        3.373789E+01	       -4.446887E+00	        3.496559E-02	        1.075062E-01	        6.785813E-02	        4.300269E-01	        3.702114E-01	        1.746246E-01	        1.774198E-01	        1.974387E-01	        2.531940E-02	       -1.298358E+01	        3.026667E-02	        3.793739E-04	        9.179128E-03	        3.681939E-04	       -1.742618E+00	        1.382940E-07	        8.289686E-03	       -1.272308E-01	       -2.726124E-04	        3.813650E-02	        2.621948E-05	        4.700674E-07	        3.599659E-03	       -1.025996E-10	       -1.282684E-08	       -6.546067E-04	       -8.223462E-08	       -1.104564E-04	       -8.979705E-01	       -6.980441E-02	       -2.742867E-02	       -4.168461E-06	       -1.514863E-04	       -2.188046E-04	       -4.240840E-04	        7.607942E-02	       -8.705088E-04	        9.173040E-03	        5.419585E-03	       -9.649608E-02	       -4.923625E-05	       -1.084216E-05	       -7.389561E-11	        4.315610E-03	       -7.625962E-03	       -3.731343E-02	       -2.519992E-05	       -2.427397E-07	       -1.931256E-04	        3.714063E-12	        2.572101E+03	       -3.623854E+05	        1.179708E-01	        7.504005E+09	        1.953608E-01	        1.053857E-03	        1.216725E+03	        4.386617E+02
        1.294463E-03	        4.731906E-01	        2.310084E-18	        3.428088E-23	        0.000000E+00	        1.139542E-18	        6.700548E-18	        7.939638E-18	        4.277432E-04	        7.410836E-03	        3.467641E-04	        5.136801E-03	        5.952808E-03	        1.546608E-01	        0.000000E+00	        5.043167E-06	        9.827818E-08	        1.862740E-01	        1.498883E-01	        7.811019E-05	        4.809210E-05	        3.724275E-05	        1.671836E-04	        7.854788E-04	        2.247673E-04	        2.366574E-04	        1.427589E-04	        1.708447E-04	        1.226969E-02	        1.455384E-05	        2.736276E-06	        1.025318E-05	        3.910107E-07	        4.517735E-04	        1.500983E-09	        8.265173E-06	        1.142300E-04	        2.267723E-07	        1.699821E-04	        9.966358E-08	        1.804499E-08	        1.664644E-05	        3.316652E-13	        3.900315E-12	        9.963730E-08	        1.074039E-11	        2.679519E-08	        7.153224E-04	        2.053649E-05	        8.920787E-06	        3.707750E-09	        7.690440E-08	        3.102993E-07	        2.075927E-07	        9.543672E-05	        1.711561E-07	        4.422833E-04	        3.606007E-05	        3.671852E-04	        9.821997E-07	        8.707144E-09	        1.274174E-13	        5.255833E-06	        2.362456E-05	        3.962235E-05	        3.383602E-09	        9.709156E-11	        5.995603E-08	        1.801725E-10	        0.000000E+00	        0.000000E+00	        0.000000E+00	        0.000000E+00	        0.000000E+00	        0.000000E+00	        0.000000E+00	       -2.950786E+00	       -8.664850E+00	       -3.419481E+00	       -9.269474E+00	        2.006839E+01	        3.410451E+00	        0.000000E+00	       -8.396308E-04	       -2.168154E-04	        3.499896E+01	       -4.490973E+00	        4.789749E-02	        1.376905E-01	        8.886492E-02	        4.707222E-01	        3.227907E-01	        1.897997E-01	        2.018643E-01	        1.960814E-01	        2.157150E-02	       -1.354998E+01	        3.536707E-02	        4.041674E-04	        1.019632E-02	        4.123593E-04	       -1.658493E+00	        1.901399E-07	        7.731497E-03	       -1.341193E-01	       -2.945130E-04	        3.023403E-02	        4.298038E-05	        9.415633E-07	        1.674818E-04	       -1.227575E-10	       -1.197457E-08	       -5.763237E-04	       -7.065608E-08	       -9.985323E-05	       -9.241871E-01	       -6.422039E-02	       -2.530383E-02	       -4.196161E-06	       -1.461938E-04	       -2.044386E-04	       -4.190589E-04	        8.434749E-02	       -7.696482E-04	       -3.885823E-02	        6.737561E-03	       -1.135525E-01	       -1.141148E-04	       -1.077901E-05	       -7.683286E-11	        4.304274E-03	       -7.772260E-03	       -3.732727E-02	       -2.079729E-05	       -2.320921E-07	       -1.806778E-04	        2.906584E-12	        2.577011E+03	       -3.663192E+05	        1.178890E-01	        7.983775E+09	        1.924848E-01	        1.056883E-03	        1.192504E+03	        4.336515E+02
        1.298270E-03	        4.748568E-01	        2.275947E-18	        3.391593E-23	        0.000000E+00	        1.122903E-18	        6.602204E-18	        7.822165E-18	        4.417804E-04	        7.806076E-03	        3.954957E-04	        5.435632E-03	        5.841394E-03	        1.543105E-01	        0.000000E+00	        5.228945E-06	        1.064191E-07	        1.850219E-01	        1.505187E-01	        8.021880E-05	        4.960250E-05	        3.842345E-05	        1.669085E-04	        7.424834E-04	        2.229299E-04	        2.380762E-04	        1.384700E-04	        1.615722E-04	        1.119903E-02	        1.472493E-05	        2.608941E-06	        1.024032E-05	        3.913430E-07	        4.072949E-04	        1.481619E-09	        7.826769E-06	        1.033195E-04	        2.030681E-07	        1.601314E-04	        1.027957E-07	        1.706864E-08	        1.531523E-05	        3.154651E-13	        3.344222E-12	        8.494712E-08	        8.748100E-12	        2.286457E-08	        6.394276E-04	        1.780844E-05	        7.784236E-06	        3.320094E-09	        6.698018E-08	        2.856879E-07	        1.814653E-07	        9.578396E-05	        1.418227E-07	        4.082941E-04	        3.585688E-05	        3.377046E-04	        9.060720E-07	        7.804168E-09	        1.240626E-13	        5.114102E-06	        2.177617E-05	        3.514381E-05	        2.750008E-09	        8.304742E-11	        5.074884E-08	        1.775115E-10	        0.000000E+00	        0.000000E+00	        0.000000E+00	        0.000000E+00	        0.000000E+00	        0.000000E+00	        0.000000E+00	       -2.640914E+00	       -9.318272E+00	       -3.812563E+00	       -9.488740E+00	        1.979917E+01	        4.123813E+00	        0.000000E+00	       -4.938127E-04	       -2.409176E-04	        3.618287E+01	       -4.504781E+00	        6.193290E-02	        1.683666E-01	        1.106131E-01	        5.068740E-01	        2.659436E-01	        2.039734E-01	        2.253502E-01	        1.919814E-01	        1.713255E-02	       -1.408929E+01	        4.042360E-02	        4.119186E-04	        1.116928E-02	        4.545437E-04	       -1.578383E+00	        2.447575E-07	        6.997524E-03	       -1.409883E-01	       -3.161237E-04	        2.167283E-02	        6.171809E-05	        1.298361E-06	       -3.268901E-03	       -1.462497E-10	       -1.117174E-08	       -5.080546E-04	       -6.061897E-08	       -9.030862E-05	       -9.446621E-01	       -5.900934E-02	       -2.332729E-02	       -4.239044E-06	       -1.406633E-04	       -1.911189E-04	       -4.132966E-04	        9.201573E-02	       -6.782109E-04	       -8.607611E-02	        8.207464E-03	       -1.304637E-01	       -1.825419E-04	       -1.073101E-05	       -8.041651E-11	        4.223121E-03	       -7.851839E-03	       -3.704866E-02	       -1.716608E-05	       -2.212670E-07	       -1.681088E-04	        2.199788E-12	        2.581360E+03	       -3.702121E+05	        1.178370E-01	        8.462144E+09	        1.896415E-01	        1.059420E-03	        1.168485E+03	        4.287476E+02
        1.302077E-03	        4.765041E-01	        2.242195E-18	        3.355491E-23	        0.000000E+00	        1.106445E-18	        6.504897E-18	        7.706006E-18	        4.559650E-04	        8.231085E-03	        4.506786E-04	        5.749619E-03	        5.726652E-03	        1.539556E-01	        0.000000E+00	        5.414503E-06	        1.154087E-07	        1.836677E-01	        1.511648E-01	        8.209747E-05	        5.086385E-05	        3.942562E-05	        1.658207E-04	        6.995128E-04	        2.204104E-04	        2.384180E-04	        1.336779E-04	        1.523214E-04	        1.018251E-02	        1.482903E-05	        2.481524E-06	        1.018784E-05	        3.900527E-07	        3.662224E-04	        1.461152E-09	        7.371577E-06	        9.298571E-05	        1.806848E-07	        1.502870E-04	        1.055877E-07	        1.609651E-08	        1.400875E-05	        2.986767E-13	        2.849622E-12	        7.217528E-08	        7.084965E-12	        1.941424E-08	        5.686205E-04	        1.538237E-05	        6.767716E-06	        2.956777E-09	        5.799591E-08	        2.625825E-07	        1.575798E-07	        9.570472E-05	        1.168781E-07	        3.750631E-04	        3.560505E-05	        3.093050E-04	        8.318701E-07	        6.961926E-09	        1.202894E-13	        4.950193E-06	        2.003696E-05	        3.103060E-05	        2.230103E-09	        7.051304E-11	        4.266925E-08	        1.748803E-10	        0.000000E+00	        0.000000E+00	        0.000000E+00	        0.000000E+00	        0.000000E+00	        0.000000E+00	        0.000000E+00	       -2.259591E+00	       -1.000411E+01	       -4.224234E+00	       -9.629244E+00	        1.939624E+01	        4.880283E+00	        0.000000E+00	       -9.737241E-05	       -2.672074E-04	        3.726472E+01	       -4.484410E+00	        7.682118E-02	        1.985613E-01	        1.324347E-01	        5.366253E-01	        1.988210E-01	        2.166011E-01	        2.469058E-01	        1.848558E-01	        1.196735E-02	       -1.458946E+01	        4.524775E-02	        4.004662E-04	        1.205742E-02	        4.929460E-04	       -1.501990E+00	        3.012926E-07	        6.080604E-03	       -1.476495E-01	       -3.368259E-04	        1.250670E-02	        8.197672E-05	        1.514420E-06	       -6.638013E-03	       -1.732777E-10	       -1.040787E-08	       -4.483856E-04	       -5.191174E-08	       -8.167731E-05	       -9.589563E-01	       -5.413696E-02	       -2.148463E-02	       -4.290907E-06	       -1.348755E-04	       -1.789515E-04	       -4.063395E-04	        9.879087E-02	       -5.954344E-04	       -1.317839E-01	        9.796400E-03	       -1.469471E-01	       -2.528424E-04	       -1.068637E-05	       -8.480951E-11	        4.066357E-03	       -7.867232E-03	       -3.648188E-02	       -1.417326E-05	       -2.101313E-07	       -1.554688E-04	        1.590781E-12	        2.585119E+03	       -3.740647E+05	        1.178158E-01	        8.932192E+09	        1.868302E-01	        1.061448E-03	        1.144670E+03	        4.239506E+02
        1.305885E-03	        4.781332E-01	        2.208817E-18	        3.319849E-23	        0.000000E+00	        1.090166E-18	        6.408602E-18	        7.591132E-18	        4.702528E-04	        8.688039E-03	        5.129902E-04	        6.078873E-03	        5.608708E-03	        1.535946E-01	        0.000000E+00	        5.598365E-06	        1.253396E-07	        1.822090E-01	        1.518263E-01	        8.369985E-05	        5.183794E-05	        4.021912E-05	        1.638825E-04	        6.566779E-04	        2.171739E-04	        2.375954E-04	        1.284090E-04	        1.431159E-04	        9.220825E-03	        1.485926E-05	        2.354055E-06	        1.009307E-05	        3.870241E-07	        3.283674E-04	        1.439290E-09	        6.902607E-06	        8.324141E-05	        1.596721E-07	        1.404919E-04	        1.079443E-07	        1.512733E-08	        1.273661E-05	        2.813425E-13	        2.411901E-12	        6.109021E-08	        5.702592E-12	        1.639607E-08	        5.028920E-04	        1.323179E-05	        5.861121E-06	        2.617692E-09	        4.990449E-08	        2.408831E-07	        1.358721E-07	        9.517342E-05	        9.576861E-08	        3.427762E-04	        3.529535E-05	        2.820642E-04	        7.599729E-07	        6.179340E-09	        1.160694E-13	        4.765256E-06	        1.840553E-05	        2.727277E-05	        1.803821E-09	        5.939974E-11	        3.562503E-08	        1.722785E-10	        0.000000E+00	        0.000000E+00	        0.000000E+00	        0.000000E+00	        0.000000E+00	        0.000000E+00	        0.000000E+00	       -1.803153E+00	       -1.071953E+01	       -4.647830E+00	       -9.673962E+00	        1.884563E+01	        5.672113E+00	        0.000000E+00	        3.476650E-04	       -2.957062E-04	        3.821758E+01	       -4.426034E+00	        9.221496E-02	        2.271400E-01	        1.535224E-01	        5.580696E-01	        1.209386E-01	        2.270920E-01	        2.654626E-01	        1.744695E-01	        6.063878E-03	       -1.503742E+01	        4.962325E-02	        3.681220E-04	        1.281593E-02	        5.255889E-04	       -1.428943E+00	        3.587492E-07	        4.980944E-03	       -1.538779E-01	       -3.558765E-04	        2.815275E-03	        1.030921E-04	        1.565626E-06	       -9.865260E-03	       -2.038884E-10	       -9.673356E-09	       -3.960701E-04	       -4.434904E-08	       -7.382788E-05	       -9.666257E-01	       -4.957090E-02	       -1.976204E-02	       -4.344637E-06	       -1.288124E-04	       -1.679999E-04	       -3.977387E-04	        1.043610E-01	       -5.206327E-04	       -1.752667E-01	        1.146200E-02	       -1.626932E-01	       -3.230226E-04	       -1.063259E-05	       -9.013739E-11	        3.830115E-03	       -7.821778E-03	       -3.563606E-02	       -1.170623E-05	       -1.985747E-07	       -1.428219E-04	        1.075385E-12	        2.588261E+03	       -3.778781E+05	        1.178267E-01	        9.385965E+09	        1.840502E-01	        1.062942E-03	        1.121062E+03	        4.192609E+02
        1.309692E-03	        4.797443E-01	        2.175807E-18	        3.284737E-23	        0.000000E+00	        1.074061E-18	        6.313297E-18	        7.477512E-18	        4.845913E-04	        9.179208E-03	        5.831240E-04	        6.423329E-03	        5.487714E-03	        1.532259E-01	        0.000000E+00	        5.778893E-06	        1.363120E-07	        1.806438E-01	        1.525028E-01	        8.497848E-05	        5.248921E-05	        4.077524E-05	        1.610700E-04	        6.141061E-04	        2.131928E-04	        2.355358E-04	        1.226984E-04	        1.339824E-04	        8.314507E-03	        1.480952E-05	        2.226638E-06	        9.953832E-06	        3.821626E-07	        2.935514E-04	        1.415737E-09	        6.423379E-06	        7.409813E-05	        1.400737E-07	        1.307910E-04	        1.097672E-07	        1.416071E-08	        1.150785E-05	        2.635262E-13	        2.026677E-12	        5.148960E-08	        4.559161E-12	        1.376653E-08	        4.422055E-04	        1.133207E-05	        5.055078E-06	        2.302751E-09	        4.265813E-08	        2.204995E-07	        1.162720E-07	        9.417013E-05	        7.799745E-08	        3.116074E-04	        3.491816E-05	        2.560548E-04	        6.907533E-07	        5.455321E-09	        1.113862E-13	        4.560857E-06	        1.687983E-05	        2.385831E-05	        1.454677E-09	        4.961804E-11	        2.952565E-08	        1.697052E-10	        0.000000E+00	        0.000000E+00	        0.000000E+00	        0.000000E+00	        0.000000E+00	        0.000000E+00	        0.000000E+00	       -1.269765E+00	       -1.146055E+01	       -5.074854E+00	       -9.605825E+00	        1.813491E+01	        6.489422E+00	        0.000000E+00	        8.371138E-04	       -3.264077E-04	        3.901305E+01	       -4.326035E+00	        1.076719E-01	        2.528441E-01	        1.729563E-01	        5.693606E-01	        3.227078E-02	        2.348333E-01	        2.799055E-01	        1.606527E-01	       -5.607474E-04	       -1.541944E+01	        5.331438E-02	        3.138401E-04	        1.339773E-02	        5.504063E-04	       -1.358815E+00	        4.160372E-07	        3.707305E-03	       -1.594202E-01	       -3.724367E-04	       -7.293898E-03	        1.241859E-04	        1.431835E-06	       -1.287604E-02	       -2.379071E-10	       -8.959526E-09	       -3.500105E-04	       -3.776924E-08	       -6.664200E-05	       -9.672539E-01	       -4.528125E-02	       -1.814660E-02	       -4.392499E-06	       -1.224616E-04	       -1.583040E-04	       -3.870822E-04	        1.084088E-01	       -4.531875E-04	       -2.158093E-01	        1.315229E-02	       -1.773740E-01	       -3.908569E-04	       -1.055698E-05	       -9.645132E-11	        3.512855E-03	       -7.719552E-03	       -3.452552E-02	       -9.671203E-06	       -1.865215E-07	       -1.302443E-04	        6.481818E-13	        2.590760E+03	       -3.816528E+05	        1.178707E-01	        9.814565E+09	        1.813007E-01	        1.063882E-03	        1.097660E+03	        4.146786E+02
        1.313499E-03	        4.813380E-01	        2.143156E-18	        3.250222E-23	        0.000000E+00	        1.058126E-18	        6.218957E-18	        7.365118E-18	        4.989204E-04	        9.706948E-03	        6.617744E-04	        6.782713E-03	        5.363856E-03	        1.528478E-01	        0.000000E+00	        5.954302E-06	        1.484339E-07	        1.789708E-01	        1.531937E-01	        8.588618E-05	        5.278636E-05	        4.106800E-05	        1.573754E-04	        5.719411E-04	        2.084493E-04	        2.321861E-04	        1.165903E-04	        1.249508E-04	        7.463913E-03	        1.467485E-05	        2.099455E-06	        9.768596E-06	        3.754019E-07	        2.616048E-04	        1.390204E-09	        5.937896E-06	        6.556524E-05	        1.219251E-07	        1.212305E-04	        1.109592E-07	        1.319716E-08	        1.033073E-05	        2.453139E-13	        1.689753E-12	        4.319599E-08	        3.618479E-12	        1.148601E-08	        3.864952E-04	        9.660308E-06	        4.340873E-06	        2.011847E-09	        3.620829E-08	        2.013512E-07	        9.870170E-08	        9.268194E-05	        6.311996E-08	        2.817155E-04	        3.446382E-05	        2.313425E-04	        6.245663E-07	        4.788716E-09	        1.062380E-13	        4.338986E-06	        1.545723E-05	        2.077321E-05	        1.169111E-09	        4.107716E-11	        2.428260E-08	        1.671599E-10	        0.000000E+00	        0.000000E+00	        0.000000E+00	        0.000000E+00	        0.000000E+00	        0.000000E+00	        0.000000E+00	       -6.597924E-01	       -1.222196E+01	       -5.495077E+00	       -9.408496E+00	        1.725399E+01	        7.320234E+00	        0.000000E+00	        1.364405E-03	       -3.593021E-04	        3.962208E+01	       -4.181157E+00	        1.226683E-01	        2.743480E-01	        1.897526E-01	        5.688444E-01	       -6.666712E-02	        2.392219E-01	        2.891438E-01	        1.433013E-01	       -7.855063E-03	       -1.572162E+01	        5.607944E-02	        2.373797E-04	        1.375628E-02	        5.653672E-04	       -1.291142E+00	        4.721323E-07	        2.276915E-03	       -1.640073E-01	       -3.856066E-04	       -1.768471E-02	        1.442046E-04	        1.099307E-06	       -1.559937E-02	       -2.748635E-10	       -8.259537E-09	       -3.092403E-04	       -3.203056E-08	       -6.001309E-05	       -9.604920E-01	       -4.124068E-02	       -1.662641E-02	       -4.426735E-06	       -1.158208E-04	       -1.498964E-04	       -3.740229E-04	        1.106294E-01	       -3.925397E-04	       -2.527186E-01	        1.480712E-02	       -1.906538E-01	       -4.540327E-04	       -1.044742E-05	       -1.036837E-10	        3.115424E-03	       -7.565294E-03	       -3.316993E-02	       -7.989760E-06	       -1.739423E-07	       -1.178227E-04	        3.026361E-13	        2.592589E+03	       -3.853898E+05	        1.179491E-01	        1.020833E+10	        1.785811E-01	        1.064249E-03	        1.074468E+03	        4.102036E+02
        1.317306E-03	        4.829145E-01	        2.110854E-18	        3.216377E-23	        0.000000E+00	        1.042359E-18	        6.125559E-18	        7.253920E-18	        5.131718E-04	        1.027368E-02	        7.496195E-04	        7.156513E-03	        5.237355E-03	        1.524587E-01	        0.000000E+00	        6.122689E-06	        1.618213E-07	        1.771890E-01	        1.538982E-01	        8.637775E-05	        5.270410E-05	        4.107557E-05	        1.528094E-04	        5.303427E-04	        2.029365E-04	        2.275178E-04	        1.101380E-04	        1.160538E-04	        6.669176E-03	        1.445182E-05	        1.972768E-06	        9.536601E-06	        3.667103E-07	        2.323655E-04	        1.362409E-09	        5.450584E-06	        5.764916E-05	        1.052507E-07	        1.118573E-04	        1.114297E-07	        1.223820E-08	        9.212617E-06	        2.268160E-13	        1.397073E-12	        3.605299E-08	        2.849150E-12	        9.518283E-09	        3.356653E-04	        8.195116E-06	        3.710380E-06	        1.744820E-09	        3.050563E-08	        1.833671E-07	        8.307370E-08	        9.070420E-05	        5.073896E-08	        2.532418E-04	        3.392295E-05	        2.079848E-04	        5.617359E-07	        4.178250E-09	        1.006403E-13	        4.102044E-06	        1.413463E-05	        1.800174E-05	        9.359556E-10	        3.368484E-11	        1.980986E-08	        1.646419E-10	        0.000000E+00	        0.000000E+00	        0.000000E+00	        0.000000E+00	        0.000000E+00	        0.000000E+00	        0.000000E+00	        2.393093E-02	       -1.299727E+01	       -5.896832E+00	       -9.067246E+00	        1.619593E+01	        8.150638E+00	        0.000000E+00	        1.920463E-03	       -3.944402E-04	        4.001597E+01	       -3.988668E+00	        1.366295E-01	        2.903325E-01	        2.029411E-01	        5.552006E-01	       -1.747628E-01	        2.397054E-01	        2.921987E-01	        1.223425E-01	       -1.572974E-02	       -1.593039E+01	        5.769070E-02	        1.394480E-04	        1.384915E-02	        5.686250E-04	       -1.225443E+00	        5.264484E-07	        7.129907E-04	       -1.673697E-01	       -3.944418E-04	       -2.819381E-02	        1.620335E-04	        5.633283E-07	       -1.797195E-02	       -3.139016E-10	       -7.570571E-09	       -2.729053E-04	       -2.700540E-08	       -5.384351E-05	       -9.461020E-01	       -3.742436E-02	       -1.519077E-02	       -4.440560E-06	       -1.089057E-04	       -1.428510E-04	       -3.583033E-04	        1.107495E-01	       -3.381737E-04	       -2.853491E-01	        1.636133E-02	       -2.022027E-01	       -5.103611E-04	       -1.029332E-05	       -1.116014E-10	        2.640484E-03	       -7.364305E-03	       -3.159420E-02	       -6.593599E-06	       -1.608640E-07	       -1.056504E-04	        3.127379E-14	        2.593727E+03	       -3.890897E+05	        1.180627E-01	        1.055708E+10	        1.758907E-01	        1.064024E-03	        1.051485E+03	        4.058355E+02
        1.321114E-03	        4.844744E-01	        2.078894E-18	        3.183273E-23	        0.000000E+00	        1.026754E-18	        6.033079E-18	        7.143888E-18	        5.272696E-04	        1.088188E-02	        8.473006E-04	        7.543955E-03	        5.108466E-03	        1.520570E-01	        0.000000E+00	        6.282063E-06	        1.765980E-07	        1.752981E-01	        1.546153E-01	        8.641173E-05	        5.222482E-05	        4.078160E-05	        1.474030E-04	        4.894840E-04	        1.966607E-04	        2.215308E-04	        1.034046E-04	        1.073262E-04	        5.930174E-03	        1.413881E-05	        1.846911E-06	        9.258018E-06	        3.560969E-07	        2.056788E-04	        1.332083E-09	        4.966223E-06	        5.035255E-05	        9.006063E-08	        1.027185E-04	        1.110992E-07	        1.128633E-08	        8.159717E-06	        2.081665E-13	        1.144709E-12	        2.992190E-08	        2.223839E-12	        7.829900E-09	        2.895892E-04	        6.916506E-06	        3.156000E-06	        1.501428E-09	        2.550014E-08	        1.664867E-07	        6.929018E-08	        8.824164E-05	        4.050080E-08	        2.263082E-04	        3.328688E-05	        1.860292E-04	        5.025437E-07	        3.622479E-09	        9.462675E-14	        3.852829E-06	        1.290845E-05	        1.552664E-05	        7.459649E-10	        2.734743E-11	        1.602435E-08	        1.621505E-10	        0.000000E+00	        0.000000E+00	        0.000000E+00	        0.000000E+00	        0.000000E+00	        0.000000E+00	        0.000000E+00	        7.760572E-01	       -1.377864E+01	       -6.267545E+00	       -8.569851E+00	        1.495752E+01	        8.965081E+00	        0.000000E+00	        2.493669E-03	       -4.320787E-04	        4.016755E+01	       -3.746528E+00	        1.489825E-01	        2.995697E-01	        2.116843E-01	        5.275666E-01	       -2.902876E-01	        2.358270E-01	        2.883042E-01	        9.762041E-02	       -2.405656E-02	       -1.603317E+01	        5.796593E-02	        2.180478E-05	        1.364210E-02	        5.586770E-04	       -1.161241E+00	        5.796365E-07	       -9.622124E-04	       -1.692560E-01	       -3.978931E-04	       -3.863448E-02	        1.767758E-04	       -1.733893E-07	       -1.994242E-02	       -3.536427E-10	       -6.899159E-09	       -2.402408E-04	       -2.257150E-08	       -4.803854E-05	       -9.240018E-01	       -3.380938E-02	       -1.383025E-02	       -4.429804E-06	       -1.017458E-04	       -1.374539E-04	       -3.397675E-04	        1.085499E-01	       -2.893333E-04	       -3.131303E-01	        1.775045E-02	       -2.117111E-01	       -5.580814E-04	       -1.008687E-05	       -1.197719E-10	        2.090699E-03	       -7.122332E-03	       -2.982794E-02	       -5.411706E-06	       -1.473384E-07	       -9.382366E-05	       -1.740762E-13	        2.594152E+03	       -3.927531E+05	        1.182127E-01	        1.085051E+10	        1.732287E-01	        1.063195E-03	        1.028713E+03	        4.015736E+02
        1.324921E-03	        4.860180E-01	        2.047267E-18	        3.150983E-23	        0.000000E+00	        1.011309E-18	        5.941494E-18	        7.034993E-18	        5.411313E-04	        1.153402E-02	        9.554009E-04	        7.943982E-03	        4.977482E-03	        1.516411E-01	        0.000000E+00	        6.430387E-06	        1.928971E-07	        1.732987E-01	        1.553438E-01	        8.595225E-05	        5.134013E-05	        4.017635E-05	        1.412088E-04	        4.495491E-04	        1.896427E-04	        2.142569E-04	        9.646253E-05	        9.880506E-05	        5.246495E-03	        1.373632E-05	        1.722286E-06	        8.934047E-06	        3.436165E-07	        1.813952E-04	        1.298963E-09	        4.489878E-06	        4.367362E-05	        7.634797E-08	        9.386017E-05	        1.099041E-07	        1.034504E-08	        7.177023E-06	        1.895204E-13	        9.288833E-13	        2.467874E-08	        1.718580E-12	        6.389701E-09	        2.481100E-04	        5.805734E-06	        2.670603E-06	        1.281326E-09	        2.114125E-08	        1.506608E-07	        5.724216E-08	        8.530924E-05	        3.208992E-08	        2.010143E-04	        3.254799E-05	        1.655113E-04	        4.472193E-07	        3.119759E-09	        8.824921E-14	        3.594513E-06	        1.177476E-05	        1.332940E-05	        5.913474E-10	        2.197018E-11	        1.284641E-08	        1.596850E-10	        0.000000E+00	        0.000000E+00	        0.000000E+00	        0.000000E+00	        0.000000E+00	        0.000000E+00	        0.000000E+00	        1.589009E+00	       -1.455697E+01	       -6.594536E+00	       -7.907397E+00	        1.353975E+01	        9.746791E+00	        0.000000E+00	        3.069818E-03	       -4.729884E-04	        4.005254E+01	       -3.453547E+00	        1.592393E-01	        3.010043E-01	        2.154681E-01	        4.855979E-01	       -4.109333E-01	        2.272697E-01	        2.770163E-01	        6.861028E-02	       -3.267091E-02	       -1.601880E+01	        5.683216E-02	       -1.127036E-04	        1.311317E-02	        5.344893E-04	       -1.098088E+00	        6.352625E-07	       -2.742826E-03	       -1.694521E-01	       -3.945021E-04	       -4.880355E-02	        1.884416E-04	       -1.244656E-06	       -2.148635E-02	       -3.990933E-10	       -6.274289E-09	       -2.105409E-04	       -1.859731E-08	       -4.249432E-05	       -8.943069E-01	       -3.037338E-02	       -1.253677E-02	       -4.395607E-06	       -9.117374E-05	       -1.347942E-04	       -3.183516E-04	        1.038847E-01	       -2.338696E-04	       -3.355962E-01	        1.891955E-02	       -2.189028E-01	       -5.963475E-04	       -9.824734E-06	       -1.379250E-10	        1.464617E-03	       -6.845422E-03	       -2.790457E-02	       -4.327257E-06	       -1.286640E-07	       -8.243664E-05	       -3.220017E-13	        2.593847E+03	       -3.963809E+05	        1.183997E-01	        1.107857E+10	        1.705944E-01	        1.061748E-03	        1.006024E+03	        3.973908E+02
        1.332535E-03	        4.890571E-01	        1.985000E-18	        3.088987E-23	        0.000000E+00	        9.809009E-19	        5.761104E-18	        6.820583E-18	        5.678766E-04	        1.297646E-02	        1.204133E-03	        8.777315E-03	        4.710313E-03	        1.507624E-01	        0.000000E+00	        6.687924E-06	        2.304616E-07	        1.689804E-01	        1.568296E-01	        8.347512E-05	        4.836800E-05	        3.803010E-05	        1.266957E-04	        3.730286E-04	        1.735034E-04	        1.960681E-04	        8.221060E-05	        8.249605E-05	        4.042421E-03	        1.267259E-05	        1.478155E-06	        8.157721E-06	        3.133999E-07	        1.395813E-04	        1.223589E-09	        3.577296E-06	        3.214204E-05	        5.325255E-08	        7.711823E-05	        1.047903E-07	        8.509882E-09	        5.432698E-06	        1.528620E-13	        5.959716E-13	        1.651061E-08	        1.002924E-12	        4.162815E-09	        1.783330E-04	        4.032995E-06	        1.885896E-06	        9.094323E-10	        1.414771E-08	        1.220736E-07	        3.797204E-08	        7.812110E-05	        1.967967E-08	        1.555616E-04	        3.074521E-05	        1.288453E-04	        3.486609E-07	        2.267338E-09	        7.481880E-14	        3.061491E-06	        9.771297E-06	        9.707009E-06	        3.666018E-10	        1.371252E-11	        8.078947E-09	        1.548311E-10	        0.000000E+00	        0.000000E+00	        0.000000E+00	        0.000000E+00	        0.000000E+00	        0.000000E+00	        0.000000E+00	        3.257953E+00	       -1.606027E+01	       -6.988760E+00	       -6.148198E+00	        1.028547E+01	        1.114603E+01	        0.000000E+00	        4.011384E-03	       -5.417058E-04	        3.894453E+01	       -2.716976E+00	        1.660670E-01	        2.786896E-01	        2.018051E-01	        3.671457E-01	       -6.491033E-01	        1.935477E-01	        2.319253E-01	        1.785709E-02	       -4.931384E-02	       -1.562483E+01	        4.947049E-02	       -4.266502E-04	        1.104964E-02	        4.454192E-04	       -9.775354E-01	        6.560960E-07	       -5.549890E-03	       -1.648466E-01	       -3.793371E-04	       -6.641063E-02	        1.852761E-04	       -3.532976E-06	       -2.296490E-02	       -4.636329E-10	       -4.973219E-09	       -1.638759E-04	       -1.300556E-08	       -3.350419E-05	       -8.144282E-01	       -2.443961E-02	       -1.025270E-02	       -4.117015E-06	       -7.887317E-05	       -1.250694E-04	       -2.728620E-04	        8.722974E-02	       -1.765083E-04	       -3.624023E-01	        1.977499E-02	       -2.256066E-01	       -6.257725E-04	       -9.040230E-06	       -1.423765E-10	        3.511473E-04	       -6.215349E-03	       -2.384494E-02	       -3.074869E-06	       -1.059255E-07	       -6.234816E-05	       -4.807041E-13	        2.591018E+03	       -4.035312E+05	        1.188872E-01	        1.129675E+10	        1.654082E-01	        1.056992E-03	        9.616498E+02	        3.894010E+02
        1.340150E-03	        4.920369E-01	        1.923946E-18	        3.032488E-23	        0.000000E+00	        9.510969E-19	        5.584150E-18	        6.610325E-18	        5.926165E-04	        1.462298E-02	        1.498541E-03	        9.641647E-03	        4.438983E-03	        1.498101E-01	        0.000000E+00	        6.880614E-06	        2.756199E-07	        1.642533E-01	        1.583405E-01	        7.886882E-05	        4.394130E-05	        3.473854E-05	        1.101383E-04	        3.024098E-04	        1.550528E-04	        1.739339E-04	        6.803441E-05	        6.744167E-05	        3.045657E-03	        1.131604E-05	        1.244962E-06	        7.241574E-06	        2.775258E-07	        1.056690E-04	        1.135740E-09	        2.750324E-06	        2.292494E-05	        3.558899E-08	        6.196412E-05	        9.617185E-08	        6.780037E-09	        3.992572E-06	        1.184578E-13	        3.663774E-13	        1.072839E-08	        5.603678E-13	        2.616418E-09	        1.242897E-04	        2.737265E-06	        1.302099E-06	        6.211963E-10	        9.111393E-09	        9.721073E-08	        2.414171E-08	        6.949567E-05	        1.166738E-08	        1.172258E-04	        2.849454E-05	        9.799731E-05	        2.664634E-07	        1.599314E-09	        6.102105E-14	        2.531074E-06	        8.082416E-06	        6.953436E-06	        2.213973E-10	        8.159616E-12	        4.899947E-09	        1.500719E-10	        0.000000E+00	        0.000000E+00	        0.000000E+00	        0.000000E+00	        0.000000E+00	        0.000000E+00	        0.000000E+00	        4.958032E+00	       -1.741935E+01	       -7.026851E+00	       -3.789744E+00	        6.518005E+00	        1.221402E+01	        0.000000E+00	        4.693430E-03	       -6.094013E-04	        3.661385E+01	       -1.791355E+00	        1.567383E-01	        2.226540E-01	        1.641645E-01	        2.092000E-01	       -8.670243E-01	        1.410625E-01	        1.608699E-01	       -3.776865E-02	       -6.437268E-02	       -1.471837E+01	        3.631929E-02	       -7.588387E-04	        7.760255E-03	        3.051918E-04	       -8.575305E-01	        6.375364E-07	       -7.916878E-03	       -1.526042E-01	       -3.394016E-04	       -8.024466E-02	        1.574963E-04	       -6.224462E-06	       -2.266995E-02	       -5.041054E-10	       -3.799758E-09	       -1.245860E-04	       -8.649386E-09	       -2.538486E-05	       -7.111572E-01	       -1.915420E-02	       -8.192912E-03	       -3.693605E-06	       -6.318611E-05	       -1.200543E-04	       -2.208486E-04	        6.175981E-02	       -1.214036E-04	       -3.657749E-01	        1.881912E-02	       -2.215332E-01	       -6.106513E-04	       -8.015004E-06	       -1.415523E-10	       -7.985504E-04	       -5.519750E-03	       -1.962776E-02	       -2.078278E-06	       -7.921882E-08	       -4.504964E-05	       -5.104459E-13	        2.585190E+03	       -4.105530E+05	        1.195290E-01	        1.115814E+10	        1.603231E-01	        1.049747E-03	        9.187017E+02	        3.819173E+02
        1.347764E-03	        4.949602E-01	        1.864048E-18	        2.982106E-23	        0.000000E+00	        9.218721E-19	        5.410462E-18	        6.404014E-18	        6.146250E-04	        1.649069E-02	        1.838276E-03	        1.051880E-02	        4.166842E-03	        1.487762E-01	        0.000000E+00	        6.999518E-06	        3.293087E-07	        1.591515E-01	        1.598585E-01	        7.229047E-05	        3.838760E-05	        3.054164E-05	        9.256557E-05	        2.390302E-04	        1.350338E-04	        1.492301E-04	        5.455457E-05	        5.389753E-05	        2.241283E-03	        9.754499E-06	        1.027192E-06	        6.233726E-06	        2.380422E-07	        7.862764E-05	        1.035976E-09	        2.035950E-06	        1.582074E-05	        2.272597E-08	        4.862421E-05	        8.464663E-08	        5.206398E-09	        2.846974E-06	        8.778736E-14	        2.152596E-13	        6.751868E-09	        2.988833E-13	        1.582957E-09	        8.384555E-05	        1.813530E-06	        8.779770E-07	        4.071053E-10	        5.629232E-09	        7.586494E-08	        1.468027E-08	        5.991446E-05	        6.669895E-09	        8.591713E-05	        2.582588E-05	        7.275462E-05	        1.999413E-07	        1.092989E-09	        4.773253E-14	        2.028434E-06	        6.670690E-06	        4.910351E-06	        1.298425E-10	        4.616246E-12	        2.863894E-09	        1.454028E-10	        0.000000E+00	        0.000000E+00	        0.000000E+00	        0.000000E+00	        0.000000E+00	        0.000000E+00	        0.000000E+00	        6.520299E+00	       -1.854157E+01	       -6.633696E+00	       -9.938760E-01	        2.480575E+00	        1.285132E+01	        0.000000E+00	        4.952250E-03	       -6.664712E-04	        3.310780E+01	       -7.097646E-01	        1.298294E-01	        1.405072E-01	        1.069731E-01	        3.580025E-02	       -1.035428E+00	        7.457798E-02	        7.390153E-02	       -8.742189E-02	       -7.591087E-02	       -1.334993E+01	        1.915132E-02	       -1.068016E-03	        3.667401E-03	        1.342013E-04	       -7.381776E-01	        5.583699E-07	       -9.324325E-03	       -1.339144E-01	       -2.833098E-04	       -8.879834E-02	        1.062262E-04	       -8.695396E-06	       -2.086142E-02	       -4.956406E-10	       -2.748395E-09	       -9.200612E-05	       -5.470559E-09	       -1.841216E-05	       -5.932255E-01	       -1.457860E-02	       -6.371563E-03	       -3.131708E-06	       -4.825341E-05	       -1.158592E-04	       -1.680896E-04	        3.051084E-02	       -8.049173E-05	       -3.474936E-01	        1.573154E-02	       -2.073531E-01	       -5.562604E-04	       -6.797544E-06	       -1.112529E-10	       -1.773109E-03	       -4.804221E-03	       -1.556376E-02	       -1.373114E-06	       -5.565215E-08	       -3.100767E-05	       -4.665261E-13	        2.576411E+03	       -4.174464E+05	        1.203249E-01	        1.064135E+10	        1.553342E-01	        1.040094E-03	        8.765516E+02	        3.747804E+02
        1.355379E-03	        4.978297E-01	        1.805254E-18	        2.938521E-23	        0.000000E+00	        8.932048E-19	        5.239888E-18	        6.201469E-18	        6.332427E-04	        1.859342E-02	        2.219951E-03	        1.138745E-02	        3.897447E-03	        1.476563E-01	        0.000000E+00	        7.041999E-06	        3.923041E-07	        1.537225E-01	        1.613627E-01	        6.412242E-05	        3.216984E-05	        2.578963E-05	        7.508861E-05	        1.838891E-04	        1.143669E-04	        1.236044E-04	        4.231694E-05	        4.205228E-05	        1.609603E-03	        8.099735E-06	        8.289787E-07	        5.192761E-06	        1.973944E-07	        5.746313E-05	        9.261240E-10	        1.449273E-06	        1.055366E-05	        1.383945E-08	        3.722545E-05	        7.125707E-08	        3.835196E-09	        1.969184E-06	        6.197945E-14	        1.207099E-13	        4.105127E-09	        1.517774E-13	        9.204259E-10	        5.466948E-05	        1.172089E-06	        5.776070E-07	        2.553774E-10	        3.327590E-09	        5.786225E-08	        8.528677E-09	        4.995534E-05	        3.667921E-09	        6.119034E-05	        2.282025E-05	        5.269141E-05	        1.475463E-07	        7.227947E-10	        3.575306E-14	        1.574559E-06	        5.499036E-06	        3.428563E-06	        7.370680E-11	        2.478939E-12	        1.612912E-09	        1.408198E-10	        0.000000E+00	        0.000000E+00	        0.000000E+00	        0.000000E+00	        0.000000E+00	        0.000000E+00	        0.000000E+00	        7.786015E+00	       -1.934603E+01	       -5.799237E+00	        1.998634E+00	       -1.525046E+00	        1.300524E+01	        0.000000E+00	        4.677523E-03	       -7.052348E-04	        2.861657E+01	        4.769518E-01	        8.833231E-02	        4.647244E-02	        4.043074E-02	       -1.249674E-01	       -1.131581E+00	        2.343298E-03	       -1.449520E-02	       -1.239242E-01	       -8.247057E-02	       -1.163219E+01	        9.263385E-04	       -1.314565E-03	       -6.044057E-04	       -3.998133E-05	       -6.211533E-01	        4.170754E-07	       -9.607101E-03	       -1.110907E-01	       -2.201307E-04	       -9.132913E-02	        4.244993E-05	       -1.044951E-05	       -1.801386E-02	       -4.176222E-10	       -1.869242E-09	       -6.561623E-05	       -3.278077E-09	       -1.272089E-05	       -4.713206E-01	       -1.074689E-02	       -4.805807E-03	       -2.492730E-06	       -3.476519E-05	       -1.105159E-04	       -1.198865E-04	       -2.053370E-03	       -5.121572E-05	       -3.119093E-01	        1.071917E-02	       -1.850522E-01	       -4.773708E-04	       -5.490312E-06	       -2.127524E-11	       -2.445328E-03	       -4.106722E-03	       -1.189830E-02	       -8.838126E-07	       -3.646569E-08	       -2.029167E-05	       -3.896528E-13	        2.564826E+03	       -4.242116E+05	        1.212709E-01	        9.772682E+09	        1.504373E-01	        1.028199E-03	        8.352158E+02	        3.679469E+02
        1.362993E-03	        5.006475E-01	        1.747519E-18	        2.902532E-23	        0.000000E+00	        8.650776E-19	        5.072297E-18	        6.002532E-18	        6.479457E-04	        2.094051E-02	        2.637054E-03	        1.222494E-02	        3.634312E-03	        1.464496E-01	        0.000000E+00	        7.013318E-06	        4.651033E-07	        1.480259E-01	        1.628302E-01	        5.493286E-05	        2.580967E-05	        2.088330E-05	        5.872595E-05	        1.375000E-04	        9.404040E-05	        9.871170E-05	        3.171434E-05	        3.200137E-05	        1.127418E-03	        6.468876E-06	        6.535453E-07	        4.179110E-06	        1.580448E-07	        4.122413E-05	        8.093064E-10	        9.916530E-07	        6.802634E-06	        8.030327E-09	        2.778280E-05	        5.727618E-08	        2.698294E-09	        1.321096E-06	        4.157885E-14	        6.459118E-14	        2.405800E-09	        7.323770E-14	        5.139292E-10	        3.441328E-05	        7.385465E-07	        3.704493E-07	        1.530702E-10	        1.878102E-09	        4.301030E-08	        4.733289E-09	        4.021324E-05	        1.936282E-09	        4.232085E-05	        1.960469E-05	        3.721400E-05	        1.072121E-07	        4.620999E-10	        2.563642E-14	        1.183562E-06	        4.532214E-06	        2.375414E-06	        4.038125E-11	        1.262937E-12	        8.756511E-10	        1.363194E-10	        0.000000E+00	        0.000000E+00	        0.000000E+00	        0.000000E+00	        0.000000E+00	        0.000000E+00	        0.000000E+00	        8.636603E+00	       -1.977862E+01	       -4.583118E+00	        4.907447E+00	       -5.185397E+00	        1.268157E+01	        0.000000E+00	        3.847502E-03	       -7.199324E-04	        2.345389E+01	        1.706211E+00	        3.886864E-02	       -4.239096E-02	       -2.300725E-02	       -2.489926E-01	       -1.145294E+00	       -6.582333E-02	       -8.991094E-02	       -1.434503E-01	       -8.344917E-02	       -9.721193E+00	       -1.517621E-02	       -1.469964E-03	       -4.389958E-03	       -1.896078E-04	       -5.092890E-01	        2.267740E-07	       -8.889774E-03	       -8.698374E-02	       -1.589163E-04	       -8.803850E-02	       -1.894971E-05	       -1.113790E-05	       -1.466738E-02	       -2.235644E-10	       -1.191167E-09	       -4.493643E-05	       -1.852255E-09	       -8.335189E-06	       -3.558479E-01	       -7.656244E-03	       -3.505678E-03	       -1.855806E-06	       -2.324158E-05	       -1.025927E-04	       -7.995907E-05	       -3.112764E-02	       -3.108976E-05	       -2.651065E-01	        4.434250E-03	       -1.575426E-01	       -3.902192E-04	       -4.212199E-06	        2.053857E-10	       -2.765798E-03	       -3.455505E-03	       -8.785042E-03	       -5.501873E-07	       -2.204909E-08	       -1.261231E-05	       -3.059331E-13	        2.550674E+03	       -4.308488E+05	        1.223587E-01	        8.626150E+09	        1.456288E-01	        1.014307E-03	        7.947199E+02	        3.613656E+02
        1.370608E-03	        5.034152E-01	        1.690807E-18	        2.875084E-23	        0.000000E+00	        8.374779E-19	        4.907584E-18	        5.807074E-18	        6.583985E-04	        2.353595E-02	        3.080358E-03	        1.300933E-02	        3.380635E-03	        1.451598E-01	        0.000000E+00	        6.926961E-06	        5.478339E-07	        1.421294E-01	        1.642372E-01	        4.538951E-05	        1.979566E-05	        1.620131E-05	        4.425409E-05	        9.982435E-05	        7.498022E-05	        7.595123E-05	        2.294528E-05	        2.373624E-05	        7.697743E-04	        4.964500E-06	        5.028073E-07	        3.245867E-06	        1.220892E-07	        2.901719E-05	        6.896731E-10	        6.523287E-07	        4.236327E-06	        4.440608E-09	        2.020352E-05	        4.391902E-08	        1.806249E-09	        8.595049E-07	        2.646954E-14	        3.298721E-14	        1.355793E-09	        3.351876E-14	        2.753667E-10	        2.088497E-05	        4.532547E-07	        2.313270E-07	        8.750576E-11	        1.010449E-09	        3.106081E-08	        2.510105E-09	        3.121488E-05	        9.792185E-10	        2.840824E-05	        1.633658E-05	        2.562500E-05	        7.672551E-08	        2.853064E-10	        1.760380E-14	        8.616746E-07	        3.737883E-06	        1.639169E-06	        2.128324E-11	        6.105102E-13	        4.582546E-10	        1.318989E-10	        0.000000E+00	        0.000000E+00	        0.000000E+00	        0.000000E+00	        0.000000E+00	        0.000000E+00	        0.000000E+00	        9.015463E+00	       -1.982302E+01	       -3.100494E+00	        7.467867E+00	       -8.231007E+00	        1.194144E+01	        0.000000E+00	        2.538257E-03	       -7.078632E-04	        1.800657E+01	        2.912366E+00	       -1.045555E-02	       -1.113675E-01	       -7.286254E-02	       -3.229452E-01	       -1.081309E+00	       -1.212230E-01	       -1.424674E-01	       -1.460670E-01	       -7.924500E-02	       -7.784187E+00	       -2.680524E-02	       -1.523131E-03	       -7.179350E-03	       -2.949980E-04	       -4.058118E-01	        1.076553E-08	       -7.497408E-03	       -6.422755E-02	       -1.063450E-04	       -8.001342E-02	       -6.538310E-05	       -1.062455E-05	       -1.130065E-02	        3.728073E-10	       -7.093760E-10	       -2.936941E-05	       -9.808995E-10	       -5.157690E-06	       -2.547865E-01	       -5.260368E-03	       -2.467011E-03	       -1.289088E-06	       -1.387966E-05	       -9.154227E-05	       -4.978723E-05	       -5.288457E-02	       -1.769149E-05	       -2.136527E-01	       -2.281117E-03	       -1.280245E-01	       -3.073099E-04	       -3.064854E-06	        8.037614E-10	       -2.761648E-03	       -2.868626E-03	       -6.280005E-03	       -3.273861E-07	       -1.179588E-08	       -7.438114E-06	       -2.295410E-13	        2.534267E+03	       -4.373587E+05	        1.235766E-01	        7.311117E+09	        1.409055E-01	        9.987235E-04	        7.553726E+02	        3.550441E+02
        1.378222E-03	        5.061353E-01	        1.635074E-18	        2.847230E-23	        0.000000E+00	        8.103440E-19	        4.745653E-18	        5.614985E-18	        6.644812E-04	        2.637907E-02	        3.538891E-03	        1.372165E-02	        3.138983E-03	        1.437929E-01	        0.000000E+00	        6.803479E-06	        6.402413E-07	        1.361020E-01	        1.655609E-01	        3.615048E-05	        1.450202E-05	        1.203738E-05	        3.212050E-05	        7.029298E-05	        5.792670E-05	        5.627869E-05	        1.601301E-05	        1.714933E-05	        5.117317E-04	        3.659395E-06	        3.771674E-07	        2.431422E-06	        9.097350E-08	        2.002199E-05	        5.718685E-10	        4.123448E-07	        2.544893E-06	        2.337615E-09	        1.430554E-05	        3.209441E-08	        1.145116E-09	        5.415144E-07	        1.596293E-14	        1.602004E-14	        7.309983E-10	        1.442466E-14	        1.409699E-10	        1.217715E-05	        2.700378E-07	        1.401684E-07	        4.748043E-11	        5.148956E-10	        2.169071E-08	        1.267910E-09	        2.334743E-05	        4.694912E-10	        1.848299E-05	        1.318217E-05	        1.719025E-05	        5.400029E-08	        1.695918E-10	        1.155786E-14	        6.077909E-07	        3.086983E-06	        1.130091E-06	        1.067993E-11	        2.778545E-13	        2.300692E-10	        1.275546E-10	        0.000000E+00	        0.000000E+00	        0.000000E+00	        0.000000E+00	        0.000000E+00	        0.000000E+00	        0.000000E+00	        8.928528E+00	       -1.950449E+01	       -1.489555E+00	        9.484334E+00	       -1.047988E+01	        1.088337E+01	        0.000000E+00	        9.034581E-04	       -6.710516E-04	        1.266560E+01	        4.035812E+00	       -5.301817E-02	       -1.522006E-01	       -1.042096E-01	       -3.472571E-01	       -9.567547E-01	       -1.587367E-01	       -1.698875E-01	       -1.356618E-01	       -7.112000E-02	       -5.964699E+00	       -3.343193E-02	       -1.482118E-03	       -8.772189E-03	       -3.507883E-04	       -3.134636E-01	       -2.121121E-07	       -5.831470E-03	       -4.462578E-02	       -6.447239E-05	       -6.895350E-02	       -9.285740E-05	       -3.352718E-06	       -8.258913E-03	        1.393353E-08	       -3.940347E-10	       -1.808855E-05	       -4.764132E-10	       -2.981781E-06	       -1.723309E-01	       -3.472983E-03	       -1.669807E-03	       -8.326804E-07	        6.992296E-05	       -7.977224E-05	       -2.873770E-05	       -6.544414E-02	        5.240685E-06	       -1.632943E-01	       -8.926350E-03	       -9.931660E-02	       -2.358936E-04	       -2.110925E-06	       -6.989720E-10	       -2.522007E-03	       -2.354723E-03	       -4.356218E-03	       -1.729112E-07	        2.551345E-08	       -4.139689E-06	       -1.663697E-13	        2.515965E+03	       -4.437394E+05	        1.249104E-01	        5.950206E+09	        1.362636E-01	        9.817875E-04	        7.170252E+02	        3.488854E+02
        1.385837E-03	        5.088079E-01	        1.580332E-18	        2.628846E-23	        0.000000E+00	        7.828309E-19	        4.587319E-18	        5.427337E-18	        6.662791E-04	        2.946218E-02	        4.000510E-03	        1.434668E-02	        2.911357E-03	        1.423589E-01	        0.000000E+00	        6.668480E-06	        7.416506E-07	        1.300152E-01	        1.667791E-01	        2.778439E-05	        1.014783E-05	        8.570689E-06	        2.246164E-05	        4.795391E-05	        4.338496E-05	        4.018365E-05	        1.076199E-05	        1.206476E-05	        3.302914E-04	        2.591082E-06	        2.757912E-07	        1.756939E-06	        6.541016E-08	        1.351879E-05	        4.612774E-10	        2.494417E-07	        1.465147E-06	        1.168112E-09	        9.854895E-06	        2.233162E-08	        6.886899E-10	        3.286622E-07	        9.117139E-15	        7.219117E-15	        3.718540E-10	        5.690529E-15	        6.777752E-11	        6.746399E-06	        1.547163E-07	        8.168565E-08	        2.400368E-11	        2.511250E-10	        1.452927E-08	        5.985426E-10	        1.683200E-05	        2.162905E-10	        1.161437E-05	        1.030654E-05	        1.121067E-05	        3.727719E-08	        9.611774E-11	        7.173212E-15	        4.152740E-07	        2.554662E-06	        7.798018E-07	        5.077985E-12	        1.202245E-13	        1.080755E-10	        1.232862E-10	        0.000000E+00	        0.000000E+00	        0.000000E+00	        0.000000E+00	        0.000000E+00	        0.000000E+00	        0.000000E+00	        8.427772E+00	       -1.888551E+01	        1.250951E-01	        1.085238E+01	       -1.185396E+01	        9.626148E+00	        0.000000E+00	       -8.571741E-04	       -6.185990E-04	        7.769163E+00	        5.029459E+00	       -8.645617E-02	       -1.642707E-01	       -1.175096E-01	       -3.371722E-01	       -7.953316E-01	       -1.783740E-01	       -1.789885E-01	       -1.167021E-01	       -6.085594E-02	       -4.360952E+00	       -3.509653E-02	       -1.376187E-03	       -9.326890E-03	       -3.636651E-04	       -2.339819E-01	       -5.323785E-07	       -4.207197E-03	       -2.894581E-02	       -3.463464E-05	       -5.680880E-02	       -1.161876E-04	       -6.600740E-06	       -5.651929E-03	        3.537679E-10	       -1.932229E-10	       -1.014635E-05	       -2.007166E-10	       -1.566321E-06	       -1.088068E-01	       -2.188389E-03	       -1.085124E-03	       -4.906119E-07	       -1.841517E-06	       -7.564106E-05	       -1.489701E-05	       -6.895307E-02	       -4.016459E-06	       -1.180740E-01	       -1.603721E-02	       -7.343697E-02	       -1.820878E-04	       -1.366869E-06	       -1.131757E-10	       -2.149601E-03	       -1.915412E-03	       -2.934837E-03	       -9.286235E-08	       -1.699085E-09	       -2.115803E-06	       -1.173984E-13	        2.496149E+03	       -4.499943E+05	        1.263439E-01	        4.657172E+09	        1.317028E-01	        9.638488E-04	        6.806262E+02	        3.430633E+02
        1.401066E-03	        5.140255E-01	        1.473433E-18	        2.471665E-23	        0.000000E+00	        7.303076E-19	        4.276970E-18	        5.059443E-18	        6.579559E-04	        3.632300E-02	        4.898937E-03	        1.530985E-02	        2.500255E-03	        1.393178E-01	        0.000000E+00	        6.444342E-06	        9.689378E-07	        1.178289E-01	        1.688490E-01	        1.494548E-05	        4.395420E-06	        3.933369E-06	        1.019221E-05	        2.099789E-05	        2.245529E-05	        1.898971E-05	        4.578325E-06	        5.701495E-06	        1.342357E-04	        1.190962E-06	        1.392978E-07	        8.432892E-07	        3.122080E-08	        6.051404E-06	        2.802662E-10	        8.989930E-08	        4.883930E-07	        2.894362E-10	        4.492206E-06	        1.023586E-08	        2.199523E-10	        1.180891E-07	        2.837754E-15	        1.636097E-15	        9.587935E-11	        9.837125E-16	        1.675537E-11	        2.063653E-06	        5.171417E-08	        2.807192E-08	        6.238692E-12	        5.748978E-11	        6.453777E-09	        1.443507E-10	        7.955726E-06	        4.561154E-11	        4.462662E-06	        5.899584E-06	        4.657589E-06	        1.758456E-08	        3.087517E-11	        2.861962E-15	        1.862703E-07	        1.777161E-06	        3.987916E-07	        1.196035E-12	        2.275859E-14	        2.637448E-11	        1.149529E-10	        0.000000E+00	        0.000000E+00	        0.000000E+00	        0.000000E+00	        0.000000E+00	        0.000000E+00	        0.000000E+00	        7.097448E+00	       -1.700703E+01	        2.394487E+00	        1.164777E+01	       -1.243672E+01	        7.084258E+00	        0.000000E+00	       -2.650052E-03	       -4.779795E-04	        3.065357E-01	        6.546075E+00	       -8.588932E-02	       -1.248704E-01	       -8.793718E-02	       -2.228071E-01	       -4.784855E-01	       -1.477197E-01	       -1.250365E-01	       -6.767157E-02	       -3.761599E-02	       -2.183449E+00	       -2.478586E-02	       -9.614665E-04	       -6.939119E-03	       -2.630073E-04	       -1.247063E-01	       -5.568574E-07	       -1.873104E-03	       -1.162854E-02	       -1.157907E-05	       -3.309861E-02	       -7.095735E-05	       -3.425571E-06	       -2.554981E-03	        1.226836E-10	       -5.115123E-11	       -3.433211E-06	       -4.518019E-11	       -4.642348E-07	       -4.162687E-02	       -8.554657E-04	       -4.375882E-04	       -1.615222E-07	       -9.216442E-07	       -3.799847E-05	       -4.277101E-06	       -5.302458E-02	       -1.255839E-06	       -5.685591E-02	       -1.421249E-02	       -3.740736E-02	       -9.765100E-05	       -5.381771E-07	       -5.781724E-11	       -1.243657E-03	       -1.250893E-03	       -1.342133E-03	       -2.773690E-08	       -5.820767E-10	       -5.919503E-07	       -5.491710E-14	        2.453092E+03	       -4.619956E+05	        1.294668E-01	        2.682374E+09	        1.227988E-01	        9.259682E-04	        6.106220E+02	        3.315222E+02
        1.416295E-03	        5.190563E-01	        1.370357E-18	        2.353842E-23	        0.000000E+00	        6.798148E-19	        3.977517E-18	        4.704509E-18	        6.366224E-04	        4.395057E-02	        5.693952E-03	        1.587006E-02	        2.150504E-03	        1.361482E-01	        0.000000E+00	        6.390927E-06	        1.218334E-06	        1.060627E-01	        1.703090E-01	        7.201875E-06	        1.638831E-06	        1.591581E-06	        4.175199E-06	        8.388833E-06	        1.052502E-05	        8.096541E-06	        1.766592E-06	        2.507351E-06	        5.095316E-05	        4.876578E-07	        6.499468E-08	        3.629035E-07	        1.343705E-08	        2.572851E-06	        1.544412E-10	        3.030687E-08	        1.534718E-07	        6.895849E-11	        1.909556E-06	        4.251983E-09	        5.919728E-11	        3.880180E-08	        8.286305E-16	        3.533703E-16	        2.188305E-11	        1.537058E-16	        3.912376E-12	        5.728935E-07	        1.615679E-08	        8.990294E-09	        1.450537E-12	        1.264851E-11	        2.628277E-09	        3.327025E-11	        3.344535E-06	        9.332885E-12	        1.591069E-06	        3.078972E-06	        1.822441E-06	        7.873658E-09	        9.086060E-12	        1.061977E-15	        7.893377E-08	        1.255759E-06	        2.163713E-07	        2.613036E-13	        4.080473E-15	        6.053142E-12	        1.069180E-10	        0.000000E+00	        0.000000E+00	        0.000000E+00	        0.000000E+00	        0.000000E+00	        0.000000E+00	        0.000000E+00	        5.393323E+00	       -1.482290E+01	        3.805506E+00	        1.070533E+01	       -1.094791E+01	        4.817887E+00	        0.000000E+00	       -3.231389E-03	       -3.434729E-04	       -4.170159E+00	        7.404702E+00	       -6.251719E-02	       -6.830575E-02	       -5.044116E-02	       -1.202499E-01	       -2.411261E-01	       -9.660556E-02	       -7.165217E-02	       -3.318560E-02	       -2.020495E-02	       -9.656910E-01	       -1.397500E-02	       -5.748395E-04	       -4.122222E-03	       -1.532652E-04	       -6.020518E-02	       -5.002826E-07	       -7.214557E-04	       -4.066825E-03	       -2.920433E-06	       -1.690492E-02	       -3.877859E-05	       -1.281309E-06	       -1.002288E-03	        2.422177E-11	       -1.177236E-11	       -9.486825E-07	       -8.020600E-12	       -1.176585E-07	       -1.367685E-02	       -3.017176E-04	       -1.596873E-04	       -4.471824E-08	       -2.548830E-07	       -1.934198E-05	       -1.048910E-06	       -3.124758E-02	       -2.734265E-07	       -2.379095E-02	       -1.097220E-02	       -1.682857E-02	       -5.029370E-05	       -1.852221E-07	       -1.784340E-11	       -6.187058E-04	       -8.056664E-04	       -6.034602E-04	       -6.752297E-09	       -1.220894E-10	       -1.479826E-07	       -2.441873E-14	        2.407799E+03	       -4.734936E+05	        1.328145E-01	        1.499762E+09	        1.142134E-01	        8.874197E-04	        5.429086E+02	        3.193179E+02
        1.431524E-03	        5.238967E-01	        1.271184E-18	        2.252945E-23	        0.000000E+00	        6.312892E-19	        3.689293E-18	        4.362938E-18	        6.058336E-04	        5.218466E-02	        6.343915E-03	        1.606534E-02	        1.855667E-03	        1.329347E-01	        0.000000E+00	        6.540869E-06	        1.480342E-06	        9.496273E-02	        1.710984E-01	        3.176213E-06	        5.355322E-07	        5.782656E-07	        1.570338E-06	        3.101556E-06	        4.522540E-06	        3.165725E-06	        6.294924E-07	        1.037640E-06	        1.829508E-05	        1.810875E-07	        2.827709E-08	        1.422200E-07	        5.306247E-09	        1.049488E-06	        7.778727E-11	        9.810080E-09	        4.663104E-08	        1.722163E-11	        7.662817E-07	        1.644994E-09	        1.384639E-11	        1.178681E-08	        2.468908E-16	        7.696650E-17	        4.559110E-12	        2.313411E-17	        9.050571E-13	        1.470731E-07	        4.767518E-09	        2.709725E-09	        3.113162E-13	        3.118977E-12	        9.941017E-10	        7.740577E-12	        1.268887E-06	        2.181008E-12	        5.371938E-07	        1.484619E-06	        6.850962E-07	        3.379183E-09	        2.484540E-12	        3.752118E-16	        3.295653E-08	        9.033202E-07	        1.252581E-07	        5.587160E-14	        7.340279E-16	        1.332057E-12	        9.918732E-11	        0.000000E+00	        0.000000E+00	        0.000000E+00	        0.000000E+00	        0.000000E+00	        0.000000E+00	        0.000000E+00	        3.896350E+00	       -1.273794E+01	        4.399697E+00	        9.034456E+00	       -8.757448E+00	        3.114082E+00	        0.000000E+00	       -2.905376E-03	       -2.459805E-04	       -6.358924E+00	        7.728886E+00	       -3.599763E-02	       -2.946630E-02	       -2.343350E-02	       -5.490107E-02	       -1.054742E-01	       -5.261137E-02	       -3.446807E-02	       -1.399240E-02	       -9.652766E-03	       -3.862616E-01	       -6.496361E-03	       -3.004617E-04	       -2.029489E-03	       -7.456826E-05	       -2.678092E-02	       -3.517478E-07	       -2.495573E-04	       -1.296556E-03	       -6.650959E-07	       -7.720491E-03	       -1.767895E-05	       -3.794795E-07	       -3.497206E-04	        1.375965E-12	       -2.491913E-12	       -2.247013E-07	       -1.249439E-12	       -2.721390E-08	       -3.965792E-03	       -9.757786E-05	       -5.323021E-05	       -1.073781E-08	       -5.870116E-08	       -8.627945E-06	       -2.366172E-07	       -1.512893E-02	       -5.278745E-08	       -8.893384E-03	       -6.888999E-03	       -6.858333E-03	       -2.391602E-05	       -5.696612E-08	       -5.147372E-12	       -2.700141E-04	       -5.163103E-04	       -2.755867E-04	       -1.467723E-09	       -2.281995E-11	       -3.421311E-08	       -1.051232E-14	        2.361735E+03	       -4.845000E+05	        1.363139E-01	        9.335449E+08	        1.059533E-01	        8.494212E-04	        4.797973E+02	        3.068257E+02
        1.446753E-03	        5.285414E-01	        1.176019E-18	        2.157563E-23	        0.000000E+00	        5.847263E-19	        3.412657E-18	        4.035159E-18	        5.687613E-04	        6.086716E-02	        6.832694E-03	        1.595823E-02	        1.606586E-03	        1.297436E-01	        0.000000E+00	        6.868534E-06	        1.747797E-06	        8.465274E-02	        1.712040E-01	        1.315281E-06	        1.551901E-07	        1.906685E-07	        5.467421E-07	        1.067441E-06	        1.790337E-06	        1.144659E-06	        2.096397E-07	        4.050507E-07	        6.233760E-06	        6.158028E-08	        1.149510E-08	        5.117202E-08	        1.939563E-09	        4.111775E-07	        3.592921E-11	        3.078689E-09	        1.382510E-08	        4.651565E-12	        2.912511E-07	        6.016033E-10	        2.913536E-12	        3.317120E-09	        7.767186E-17	        1.754832E-17	        8.889268E-13	        3.476188E-18	        2.144724E-13	        3.534215E-08	        1.331625E-09	        7.705440E-10	        6.347919E-14	        9.855432E-13	        3.528702E-10	        1.871153E-12	        4.376276E-07	        6.856990E-13	        1.744846E-07	        6.682984E-07	        2.517647E-07	        1.407122E-09	        6.344077E-13	        1.271752E-16	        1.422335E-08	        6.622081E-07	        7.695757E-08	        1.214253E-14	        1.364641E-16	        2.828139E-13	        9.176912E-11	        0.000000E+00	        0.000000E+00	        0.000000E+00	        0.000000E+00	        0.000000E+00	        0.000000E+00	        0.000000E+00	        2.741685E+00	       -1.092703E+01	        4.482339E+00	        7.281290E+00	       -6.659301E+00	        1.967123E+00	        0.000000E+00	       -2.256483E-03	       -1.818570E-04	       -7.150231E+00	        7.676391E+00	       -1.721874E-02	       -1.047932E-02	       -9.192115E-03	       -2.181366E-02	       -4.084197E-02	       -2.456488E-02	       -1.433010E-02	       -5.197063E-03	       -4.156786E-03	       -1.412971E-01	       -2.583554E-03	       -1.387183E-04	       -8.555903E-04	       -3.137068E-05	       -1.106065E-02	       -2.004597E-07	       -7.998612E-05	       -3.872095E-04	       -1.512445E-07	       -3.193785E-03	       -7.008461E-06	       -9.298500E-08	       -1.097067E-04	       -1.067941E-12	       -5.123450E-13	       -4.715947E-08	       -1.835095E-13	       -6.007801E-09	       -1.032345E-03	       -2.903176E-05	       -1.623637E-05	       -2.305407E-09	       -1.285020E-08	       -3.362227E-06	       -5.195109E-08	       -6.220802E-03	       -9.958335E-09	       -3.022177E-03	       -3.648870E-03	       -2.567015E-03	       -1.034929E-05	       -1.584215E-08	       -1.487883E-12	       -1.064409E-04	       -3.310115E-04	       -1.298969E-04	       -3.001155E-10	       -4.092183E-12	       -7.445451E-09	       -4.421089E-15	        2.315686E+03	       -4.950165E+05	        1.399222E-01	        7.205570E+08	        9.802694E-02	        8.125927E-04	        4.214192E+02	        2.939985E+02
        1.461982E-03	        5.329851E-01	        1.084970E-18	        2.062966E-23	        0.000000E+00	        5.401542E-19	        3.147954E-18	        3.721575E-18	        5.279139E-04	        6.985460E-02	        7.160761E-03	        1.561475E-02	        1.394407E-03	        1.266215E-01	        0.000000E+00	        7.326967E-06	        2.015724E-06	        7.517850E-02	        1.706476E-01	        5.072606E-07	        3.627597E-08	        5.276170E-08	        1.629242E-07	        3.164236E-07	        6.117960E-07	        3.552895E-07	        6.112774E-08	        1.399040E-07	        1.854544E-06	        1.778203E-08	        4.089252E-09	        1.573952E-08	        6.133328E-10	        1.458279E-07	        1.422524E-11	        8.488827E-10	        3.579698E-09	        1.184839E-12	        9.806108E-08	        1.903853E-10	        5.120196E-13	        7.734170E-10	        2.263719E-17	        3.668100E-18	        1.381183E-13	        4.221038E-19	        4.581714E-14	        6.917617E-09	        3.081021E-10	        1.812665E-10	        1.065764E-14	        3.701727E-13	        1.061817E-10	        4.085525E-13	        1.268692E-07	        2.737622E-13	        5.126493E-08	        2.710979E-07	        8.727812E-08	        5.489215E-10	        1.306978E-13	        3.678666E-17	        6.462200E-09	        4.947264E-07	        4.947480E-08	        2.274390E-15	        2.199245E-17	        4.818496E-14	        8.467179E-11	        0.000000E+00	        0.000000E+00	        0.000000E+00	        0.000000E+00	        0.000000E+00	        0.000000E+00	        0.000000E+00	        1.852792E+00	       -9.411302E+00	        4.362632E+00	        5.668130E+00	       -4.925254E+00	        1.269966E+00	        0.000000E+00	       -1.738450E-03	       -9.891615E-05	       -7.212006E+00	        7.382871E+00	       -6.794196E-03	       -2.708919E-03	       -2.789254E-03	       -7.075069E-03	       -1.293206E-02	       -9.696902E-03	       -4.916005E-03	       -1.547278E-03	       -1.554780E-03	       -4.358927E-02	       -8.132400E-04	       -5.639418E-05	       -2.920466E-04	       -1.084581E-05	       -4.041531E-03	       -1.079571E-07	       -2.185351E-05	       -9.834639E-05	       -3.233599E-08	       -1.144693E-03	       -2.440758E-06	       -1.562453E-08	       -2.678728E-05	       -5.508491E-13	       -9.085048E-14	       -7.298491E-09	       -2.072753E-14	       -1.125439E-09	       -2.063916E-04	       -7.040734E-06	       -4.040581E-06	       -3.726295E-10	       -2.937267E-09	       -1.145530E-06	       -9.947758E-09	       -2.019861E-03	       -2.020338E-09	       -8.475136E-04	       -1.697443E-03	       -8.207865E-04	       -4.033440E-06	       -3.446316E-09	       -4.127160E-13	       -3.581512E-05	       -2.128834E-04	       -6.252936E-05	       -5.121682E-11	       -5.926813E-13	       -1.277479E-09	       -1.822625E-15	        2.270033E+03	       -5.050392E+05	        1.436165E-01	        6.659535E+08	        9.044346E-02	        7.772083E-04	        3.696456E+02	        2.815454E+02
        1.492440E-03	        5.413205E-01	        9.141887E-19	        1.867113E-23	        0.000000E+00	        4.564341E-19	        2.651499E-18	        3.133500E-18	        4.404050E-04	        8.846862E-02	        7.369149E-03	        1.440838E-02	        1.054310E-03	        1.206320E-01	        0.000000E+00	        8.521424E-06	        2.537905E-06	        5.858514E-02	        1.677093E-01	        1.411714E-07	        2.948994E-09	        5.837908E-09	        2.163979E-08	        4.142382E-08	        9.882268E-08	        5.069870E-08	        8.385610E-09	        2.364741E-08	        2.581270E-07	        2.152179E-09	        7.335499E-10	        2.124675E-09	        8.833940E-11	        2.616006E-08	        3.112670E-12	        1.127374E-10	        4.491988E-10	        1.643339E-13	        1.626009E-08	        3.157202E-11	        4.950712E-14	        6.912365E-11	        3.908488E-18	        4.585619E-19	        9.940729E-15	        2.410761E-20	        5.609373E-15	        6.033497E-10	        3.301568E-11	        1.984645E-11	        8.223961E-16	        1.224688E-13	        1.789403E-11	        4.746282E-14	        1.531937E-08	        1.158828E-13	        8.164928E-09	        6.097950E-08	        1.832455E-08	        1.401300E-10	        1.123078E-14	        5.915059E-18	        2.148164E-09	        3.023487E-07	        2.493422E-08	        2.258773E-16	        1.739892E-18	        3.500305E-15	        7.135904E-11	        0.000000E+00	        0.000000E+00	        0.000000E+00	        0.000000E+00	        0.000000E+00	        0.000000E+00	        0.000000E+00	        8.879428E-01	       -7.280469E+00	        3.663737E+00	        3.766995E+00	       -3.034893E+00	        7.235406E-01	        0.000000E+00	       -1.080128E-03	       -9.352819E-05	       -6.362710E+00	        6.388181E+00	       -1.136758E-03	       -2.940331E-04	       -3.686688E-04	       -1.003263E-03	       -1.826004E-03	       -1.639685E-03	       -7.306795E-04	       -2.101694E-04	       -2.631829E-04	       -6.068137E-03	       -1.125351E-04	       -9.835083E-06	       -4.354438E-05	       -1.661466E-06	       -7.008001E-04	       -2.099662E-08	       -2.716388E-06	       -1.124019E-05	       -3.483538E-09	       -1.861280E-04	       -3.531295E-07	       -1.103279E-09	       -2.840217E-06	       -9.344383E-14	       -7.558122E-15	       -4.580308E-10	       -9.866710E-16	       -9.716323E-11	       -1.708928E-05	       -7.080260E-07	       -4.143284E-07	       -2.558817E-11	       -4.100432E-10	       -1.510216E-07	       -8.983311E-10	       -2.816169E-04	       -2.648958E-10	       -1.105736E-04	       -3.460736E-04	       -1.271393E-04	       -7.031845E-07	       -3.071442E-10	       -4.637990E-14	       -6.854950E-06	       -9.221029E-05	       -1.969925E-05	       -3.805002E-12	       -3.863460E-14	       -9.027947E-11	       -2.920733E-16	        2.180519E+03	       -5.227685E+05	        1.512354E-01	        6.865465E+08	        7.621882E-02	        7.109565E-04	        2.798031E+02	        2.561115E+02
        1.522897E-03	        5.488197E-01	        7.605427E-19	        1.670276E-23	        0.000000E+00	        3.809723E-19	        2.204949E-18	        2.604582E-18	        3.547621E-04	        1.070146E-01	        7.103870E-03	        1.282819E-02	        7.955928E-04	        1.151426E-01	        0.000000E+00	        9.871405E-06	        3.032271E-06	        4.503313E-02	        1.628943E-01	        6.659910E-08	        2.457226E-10	        6.991105E-10	        3.229674E-09	        6.072490E-09	        1.759020E-08	        8.227879E-09	        1.569752E-09	        4.508881E-09	        4.229855E-08	        2.854909E-10	        1.485469E-10	        3.139578E-10	        1.430947E-11	        5.339539E-09	        7.403067E-13	        1.793110E-11	        6.840842E-11	        2.852619E-14	        3.100878E-09	        6.089771E-12	        9.602788E-15	        6.732529E-12	        8.081548E-19	        8.656865E-20	        1.102480E-15	        2.148578E-21	        1.016049E-15	        7.809413E-11	        4.634677E-12	        2.839613E-12	        9.219545E-17	        5.969467E-14	        3.859142E-12	        7.590442E-15	        2.018049E-09	        8.017693E-14	        1.886236E-09	        1.641570E-08	        5.449785E-09	        4.971198E-11	        1.192339E-15	        1.194487E-18	        8.642842E-10	        1.991455E-07	        1.412793E-08	        2.915872E-17	        2.083453E-19	        3.175133E-16	        5.938191E-11	        0.000000E+00	        0.000000E+00	        0.000000E+00	        0.000000E+00	        0.000000E+00	        0.000000E+00	        0.000000E+00	        2.895359E-01	       -5.568853E+00	        2.899864E+00	        2.473013E+00	       -1.942414E+00	        5.640666E-01	        0.000000E+00	       -7.978861E-04	       -7.927742E-05	       -5.194942E+00	        5.199126E+00	       -2.000450E-04	       -2.844544E-05	       -4.657507E-05	       -1.457815E-04	       -2.619751E-04	       -2.821056E-04	       -1.122022E-04	       -2.942860E-05	       -4.644562E-05	       -8.976713E-04	       -1.528443E-05	       -1.807413E-06	       -6.485832E-06	       -2.580681E-07	       -1.290570E-04	       -4.520474E-09	       -3.822450E-07	       -1.494411E-06	       -4.911607E-10	       -3.199264E-05	       -5.980853E-08	       -9.399850E-11	       -2.947316E-07	       -1.603232E-14	       -9.022965E-16	       -3.537329E-11	       -6.254873E-17	       -1.157473E-11	       -1.597177E-06	       -8.102134E-08	       -4.833055E-08	       -2.147935E-12	       -8.247935E-11	       -2.476923E-08	       -1.067874E-10	       -3.819760E-05	       -4.859950E-11	       -1.662038E-05	       -7.448910E-05	       -2.320932E-05	       -1.445653E-07	       -2.961827E-11	       -6.968420E-15	       -1.826524E-06	       -4.091158E-05	       -7.273888E-06	       -3.962567E-13	       -3.216942E-15	       -7.466285E-12	       -4.341844E-17	        2.094148E+03	       -5.384937E+05	        1.590804E-01	        6.914307E+08	        6.342128E-02	        6.511289E-04	        2.021275E+02	        2.274592E+02
        1.538126E-03	        5.522186E-01	        6.909058E-19	        1.574114E-23	        0.000000E+00	        3.467176E-19	        2.002568E-18	        2.364914E-18	        3.150611E-04	        1.159605E-01	        6.842974E-03	        1.198449E-02	        6.902058E-04	        1.126238E-01	        0.000000E+00	        1.056310E-05	        3.264510E-06	        3.933206E-02	        1.600182E-01	        5.039974E-08	        5.641386E-11	        2.086504E-10	        1.085296E-09	        1.991789E-09	        6.453413E-09	        2.935749E-09	        7.139113E-10	        1.754013E-09	        1.534176E-08	        8.960367E-11	        5.897685E-11	        1.035407E-10	        5.039729E-12	        2.180186E-09	        3.094229E-13	        6.305833E-12	        2.292586E-11	        1.026796E-14	        1.214041E-09	        2.344878E-12	        4.075339E-15	        1.722353E-12	        3.125872E-19	        3.584460E-20	        3.293183E-16	        5.587682E-22	        4.108377E-16	        2.915773E-11	        1.612889E-12	        1.002116E-12	        2.873580E-17	        4.378462E-14	        1.708060E-12	        2.816257E-15	        6.243075E-10	        7.163930E-14	        9.578180E-10	        8.423755E-09	        3.137051E-09	        3.111315E-11	        3.308282E-16	        5.023303E-19	        5.540406E-10	        1.645388E-07	        1.086389E-08	        8.619271E-18	        7.517126E-20	        7.671697E-17	        5.395347E-11	        0.000000E+00	        0.000000E+00	        0.000000E+00	        0.000000E+00	        0.000000E+00	        0.000000E+00	        0.000000E+00	        1.019595E-01	       -4.758897E+00	        2.502477E+00	        1.876464E+00	       -1.521139E+00	        5.330647E-01	        0.000000E+00	       -6.046982E-04	       -3.422175E-06	       -4.604263E+00	        4.605776E+00	       -7.393553E-05	       -5.287461E-06	       -1.148123E-05	       -4.392595E-05	       -7.843081E-05	       -1.004600E-04	       -3.600822E-05	       -8.666459E-06	       -1.707203E-05	       -2.871295E-04	       -4.136568E-06	       -7.171161E-07	       -1.951698E-06	       -8.285504E-08	       -4.934390E-05	       -2.265265E-09	       -1.205488E-07	       -4.616426E-07	       -1.718582E-10	       -1.165913E-05	       -2.298213E-08	       -3.171185E-11	       -6.267203E-08	       -6.052297E-15	       -3.099048E-16	       -7.878539E-12	       -1.184643E-17	       -3.851999E-12	       -3.669971E-07	       -2.220658E-08	       -1.343953E-08	       -4.720482E-13	       -5.110244E-11	       -9.462869E-09	       -3.278573E-11	       -1.042404E-05	       -4.520353E-11	       -5.583234E-06	       -3.211051E-05	       -9.132314E-06	       -6.600463E-08	       -6.714306E-12	       -2.544803E-15	       -9.155487E-07	       -2.730529E-05	       -4.486714E-06	       -1.099455E-13	       -7.759429E-16	       -1.542098E-12	       -1.637326E-17	        2.052484E+03	       -5.460132E+05	        1.630466E-01	        6.846261E+08	        5.762101E-02	        6.237515E-04	        1.694994E+02	        2.128152E+02
        1.553355E-03	        5.553985E-01	        6.257541E-19	        1.478110E-23	        0.000000E+00	        3.146212E-19	        1.813227E-18	        2.140729E-18	        2.776979E-04	        1.246546E-01	        6.513599E-03	        1.112714E-02	        5.981380E-04	        1.102468E-01	        0.000000E+00	        1.125276E-05	        3.482040E-06	        3.427285E-02	        1.568956E-01	        3.981360E-08	        1.458263E-11	        6.821973E-11	        3.914554E-10	        6.856632E-10	        2.458839E-09	        1.131336E-09	        3.752686E-10	        7.051916E-10	        6.045775E-09	        2.996188E-11	        2.411681E-11	        3.569333E-11	        1.844447E-12	        9.104868E-10	        1.331567E-13	        2.374137E-12	        7.958089E-12	        3.828240E-15	        4.926751E-10	        9.481640E-13	        1.879167E-15	        5.109226E-13	        1.241049E-19	        1.683159E-20	        1.126975E-16	        1.840902E-22	        1.898553E-16	        1.390457E-11	        6.807899E-13	        4.298684E-13	        1.066539E-17	        3.438086E-14	        8.255236E-13	        1.217784E-15	        2.089665E-10	        6.865579E-14	        5.416953E-10	        4.643176E-09	        1.947044E-09	        2.089152E-11	        1.122198E-16	        2.327476E-19	        3.594463E-10	        1.378666E-07	        8.518055E-09	        2.950682E-18	        4.822811E-20	        2.582689E-17	        4.887463E-11	        0.000000E+00	        0.000000E+00	        0.000000E+00	        0.000000E+00	        0.000000E+00	        0.000000E+00	        0.000000E+00	       -4.070693E-02	       -4.057960E+00	        2.128339E+00	        1.435352E+00	       -1.213788E+00	        5.169250E-01	        0.000000E+00	       -4.091585E-04	        4.027177E-05	       -4.034942E+00	        4.035544E+00	       -3.089595E-05	       -1.104378E-06	       -3.112221E-06	       -1.351507E-05	       -2.400190E-05	       -3.477422E-05	       -1.163796E-05	       -2.926078E-06	       -6.251808E-06	       -9.345720E-05	       -1.202580E-06	       -2.695420E-07	       -6.033788E-07	       -2.743747E-08	       -1.902164E-05	       -8.942759E-10	       -3.876337E-08	       -1.458524E-07	       -5.815817E-11	       -4.266896E-06	       -8.227962E-09	       -1.148888E-11	       -1.423240E-08	       -2.134511E-15	       -1.096118E-16	       -2.015599E-12	       -2.562551E-18	       -1.323896E-12	       -9.612295E-08	       -6.229419E-09	       -3.806919E-09	       -1.234648E-13	       -2.300986E-11	       -3.574742E-09	       -1.023938E-11	       -2.952928E-06	       -2.359323E-11	       -2.120662E-06	       -1.386456E-05	       -3.983505E-06	       -3.008325E-08	       -1.587103E-12	       -9.009575E-16	       -5.257962E-07	       -1.828746E-05	       -2.846697E-06	       -2.976114E-14	       -1.990357E-16	       -3.254019E-13	       -6.103510E-18	        2.012004E+03	       -5.530300E+05	        1.670242E-01	        6.664484E+08	        5.219427E-02	        5.980310E-04	        1.416468E+02	        1.986854E+02
        1.568584E-03	        5.583606E-01	        5.650675E-19	        1.382607E-23	        0.000000E+00	        2.846738E-19	        1.636871E-18	        1.931957E-18	        2.429838E-04	        1.330334E-01	        6.133252E-03	        1.027582E-02	        5.176641E-04	        1.080126E-01	        0.000000E+00	        1.192432E-05	        3.681706E-06	        2.980442E-02	        1.536035E-01	        3.188920E-08	        4.269212E-12	        2.493913E-11	        1.545985E-10	        2.484204E-10	        9.929946E-10	        4.818294E-10	        2.180211E-10	        2.958277E-10	        2.642339E-09	        1.085162E-11	        1.029757E-11	        1.293822E-11	        7.072869E-13	        3.868612E-10	        5.977797E-14	        9.761659E-13	        2.852909E-12	        1.481534E-15	        2.081213E-10	        4.120148E-13	        9.262908E-16	        1.829134E-13	        5.057552E-20	        9.322453E-21	        4.268481E-17	        7.913897E-23	        1.043296E-16	        7.804861E-12	        3.515816E-13	        2.262388E-13	        4.786733E-18	        2.811858E-14	        4.362941E-13	        6.371181E-16	        7.733163E-11	        6.852471E-14	        3.283564E-10	        2.740042E-09	        1.269267E-09	        1.468812E-11	        4.937863E-17	        1.205682E-19	        2.338960E-10	        1.168969E-07	        6.788430E-09	        1.465318E-18	        4.938214E-20	        1.574208E-17	        4.414382E-11	        0.000000E+00	        0.000000E+00	        0.000000E+00	        0.000000E+00	        0.000000E+00	        0.000000E+00	        0.000000E+00	       -1.434887E-01	       -3.440524E+00	        1.783796E+00	        1.088150E+00	       -9.809963E-01	        5.087821E-01	        0.000000E+00	       -1.882522E-04	        9.031692E-05	       -3.500019E+00	        3.500289E+00	       -1.599546E-05	       -2.534267E-07	       -8.842840E-07	       -4.254212E-06	       -7.515376E-06	       -1.191517E-05	       -3.825919E-06	       -1.123644E-06	       -2.283752E-06	       -3.110931E-05	       -3.591554E-07	       -9.950988E-08	       -1.900988E-07	       -9.155781E-09	       -7.371694E-06	       -3.410265E-10	       -1.268800E-08	       -4.678852E-08	       -1.979424E-11	       -1.569568E-06	       -2.914697E-09	       -4.415100E-12	       -3.487851E-09	       -7.497773E-16	       -3.907582E-17	       -5.836690E-13	       -6.358650E-19	       -4.613091E-13	       -3.048680E-08	       -1.853523E-09	       -1.141322E-09	       -3.581454E-14	       -1.019798E-11	       -1.388592E-09	       -3.259458E-12	       -8.646889E-07	       -8.980464E-12	       -9.147731E-07	       -6.119969E-06	       -1.923141E-06	       -1.475470E-08	       -3.987010E-13	       -3.258705E-16	       -3.200674E-07	       -1.227305E-05	       -1.849012E-06	       -7.969298E-15	       -6.815373E-17	       -7.095012E-14	       -2.256432E-18	        1.972841E+03	       -5.595521E+05	        1.709949E-01	        6.399051E+08	        4.713942E-02	        5.739594E-04	        1.174326E+02	        1.846622E+02
        1.583813E-03	        5.611071E-01	        5.087985E-19	        1.287973E-23	        0.000000E+00	        2.568529E-19	        1.473366E-18	        1.738433E-18	        2.111128E-04	        1.410433E-01	        5.718129E-03	        9.445961E-03	        4.473757E-04	        1.059209E-01	        0.000000E+00	        1.256059E-05	        3.860115E-06	        2.587577E-02	        1.502138E-01	        2.555744E-08	        1.369157E-12	        1.001115E-11	        6.558295E-11	        9.029564E-11	        4.168149E-10	        2.231435E-10	        1.337769E-10	        1.263629E-10	        1.259394E-09	        4.162632E-12	        4.462027E-12	        4.751346E-12	        2.748145E-13	        1.601730E-10	        2.683007E-14	        4.309905E-13	        9.919682E-13	        5.651081E-16	        8.867758E-11	        1.894492E-13	        4.683259E-16	        7.755150E-14	        1.998694E-20	        6.045063E-21	        1.654140E-17	        4.319235E-23	        6.751159E-17	        4.755090E-12	        2.088564E-13	        1.375045E-13	        2.555802E-18	        2.342858E-14	        2.457703E-13	        3.917010E-16	        3.101794E-11	        6.942325E-14	        2.067219E-10	        1.699332E-09	        8.515218E-10	        1.058518E-11	        2.695102E-17	        6.867717E-20	        1.518492E-10	        1.000885E-07	        5.484480E-09	        1.150389E-18	        5.959988E-20	        1.463848E-17	        3.975734E-11	        0.000000E+00	        0.000000E+00	        0.000000E+00	        0.000000E+00	        0.000000E+00	        0.000000E+00	        0.000000E+00	       -2.103937E-01	       -2.892592E+00	        1.472206E+00	        8.000618E-01	       -7.995317E-01	        5.045078E-01	        0.000000E+00	        1.218409E-04	        1.740557E-04	       -3.007568E+00	        3.007703E+00	       -9.992208E-06	       -5.236292E-08	       -2.291946E-07	       -1.252944E-06	       -2.199044E-06	       -3.841931E-06	       -1.199888E-06	       -4.578194E-07	       -7.940917E-07	       -9.999391E-06	       -9.758705E-08	       -3.573957E-08	       -5.497591E-08	       -2.845058E-09	       -2.757489E-06	       -1.358695E-10	       -3.946394E-09	       -1.411287E-08	       -6.514640E-12	       -5.564962E-07	       -1.004104E-09	       -1.939232E-12	       -8.052465E-10	       -2.526533E-16	       -1.356867E-17	       -1.771576E-13	       -1.642795E-19	       -1.588887E-13	       -1.120340E-08	       -5.753626E-10	       -3.571459E-10	       -9.994640E-15	       -6.468628E-12	       -5.503374E-10	       -1.027362E-12	       -2.339854E-07	       -4.093388E-12	       -4.205401E-07	       -2.758688E-06	       -9.796562E-07	       -8.076166E-09	       -9.928647E-14	       -1.168112E-16	       -1.870180E-07	       -8.243267E-06	       -1.224624E-06	       -1.912171E-15	       -3.967938E-17	       -1.437584E-14	       -8.305715E-19	        1.935128E+03	       -5.655905E+05	        1.749386E-01	        6.073355E+08	        4.245247E-02	        5.515212E-04	        9.722476E+01	        1.714082E+02
        1.614271E-03	        5.660176E-01	        4.081942E-19	        1.101026E-23	        0.000000E+00	        2.069468E-19	        1.181163E-18	        1.392595E-18	        1.554953E-04	        1.559607E-01	        4.824201E-03	        7.874580E-03	        3.320858E-04	        1.021226E-01	        0.000000E+00	        1.367229E-05	        4.140966E-06	        1.939417E-02	        1.433007E-01	        1.610426E-08	        2.357460E-13	        2.546643E-12	        1.963094E-11	        2.053192E-11	        1.296353E-10	        7.771709E-11	        5.696894E-11	        3.837305E-11	        4.637415E-10	        1.024618E-12	        1.403999E-12	        1.103323E-12	        7.033755E-14	        3.980128E-11	        9.064848E-15	        1.437369E-13	        2.147708E-13	        1.465325E-16	        2.579228E-11	        6.987885E-14	        1.996370E-16	        2.423439E-14	        5.414923E-21	        3.951398E-21	        4.535310E-18	        2.558036E-23	        4.474595E-17	        2.120647E-12	        1.021444E-13	        7.101415E-14	        1.211569E-18	        1.713036E-14	        1.038503E-13	        2.246865E-16	        8.530499E-12	        7.239622E-14	        9.231056E-11	        7.989425E-10	        4.204945E-10	        5.905631E-12	        1.311800E-17	        3.218135E-20	        6.425143E-11	        7.524489E-08	        3.737427E-09	        1.380517E-18	        9.268340E-20	        1.758519E-17	        3.191455E-11	        0.000000E+00	        0.000000E+00	        0.000000E+00	        0.000000E+00	        0.000000E+00	        0.000000E+00	        0.000000E+00	       -3.100924E-01	       -2.054324E+00	        9.890539E-01	        4.815872E-01	       -5.644431E-01	        4.781881E-01	        0.000000E+00	        5.596675E-04	        2.417307E-04	       -2.158121E+00	        2.158172E+00	       -6.703849E-06	       -7.616061E-09	       -4.115685E-08	       -2.230598E-07	       -3.511457E-07	       -6.567768E-07	       -2.257150E-07	       -1.547015E-07	       -1.452147E-07	       -1.900749E-06	       -1.641087E-08	       -6.493282E-09	       -8.868053E-09	       -4.819117E-10	       -5.426237E-07	       -2.466723E-11	       -6.939434E-10	       -2.138279E-09	       -1.054871E-12	       -1.044286E-07	       -1.760979E-10	       -3.612634E-13	       -1.356502E-10	       -4.001250E-17	       -1.832298E-18	       -2.823412E-14	       -2.137518E-20	       -2.357873E-14	       -3.406272E-09	       -1.275244E-10	       -7.845204E-11	       -1.718273E-15	       -1.106011E-12	       -1.377953E-10	       -1.818273E-13	       -3.965181E-08	        1.255412E-11	       -1.489330E-07	       -8.080423E-07	       -3.811571E-07	       -3.185945E-09	       -1.638761E-14	       -2.651120E-17	       -8.822278E-08	       -3.708524E-06	       -5.804692E-07	       -4.137069E-19	       -1.042359E-17	        1.069996E-15	       -1.121709E-19	        1.864363E+03	       -5.756291E+05	        1.826872E-01	        5.222458E+08	        3.407247E-02	        5.112756E-04	        6.560546E+01	        1.462402E+02
        1.644729E-03	        5.701486E-01	        3.235620E-19	        9.245119E-24	        0.000000E+00	        1.647633E-19	        9.355251E-19	        1.101865E-18	        1.113156E-04	        1.690587E-01	        3.940112E-03	        6.484289E-03	        2.445945E-04	        9.885529E-02	        0.000000E+00	        1.445331E-05	        4.308610E-06	        1.444599E-02	        1.366923E-01	        9.775380E-09	        4.588975E-14	        7.410115E-13	        7.088045E-12	        5.904846E-12	        5.262507E-11	        3.266711E-11	        2.467486E-11	        1.529726E-11	        2.074459E-10	        3.072951E-13	        5.677504E-13	        3.314749E-13	        2.315708E-14	        1.119098E-11	        3.796790E-15	        5.873001E-14	        6.158783E-14	        5.039235E-17	        9.526574E-12	        3.254604E-14	        1.063989E-16	        8.865442E-15	        1.872295E-21	        2.849269E-21	        1.669125E-18	        1.863056E-23	        3.387442E-17	        1.014743E-12	        5.501285E-14	        4.131089E-14	        6.699138E-19	        1.228296E-14	        4.893373E-14	        1.465105E-16	        2.858211E-12	        6.943666E-14	        4.335676E-11	        4.059729E-10	        2.171390E-10	        3.326743E-12	        7.098595E-18	        1.805551E-20	        2.668362E-11	        5.738143E-08	        2.626602E-09	        1.614540E-18	        1.254618E-19	        1.959143E-17	        2.531676E-11	        0.000000E+00	        0.000000E+00	        0.000000E+00	        0.000000E+00	        0.000000E+00	        0.000000E+00	        0.000000E+00	       -3.223084E-01	       -1.391325E+00	        5.976452E-01	        2.788554E-01	       -3.892369E-01	        4.100992E-01	        0.000000E+00	        1.058467E-03	        3.408757E-04	       -1.493210E+00	        1.493233E+00	       -4.689067E-06	       -1.183864E-09	       -8.860216E-09	       -5.116665E-08	       -6.489489E-08	       -1.408415E-07	       -5.669901E-08	       -5.985273E-08	       -3.139047E-08	       -4.855481E-07	       -3.267523E-09	       -1.460277E-09	       -1.628009E-09	       -9.500395E-11	       -1.177937E-07	       -6.121763E-12	       -1.636399E-10	       -3.719423E-10	       -2.063186E-13	       -2.304721E-08	       -4.122444E-11	       -9.070610E-14	       -3.248045E-11	       -7.065584E-18	       -4.884126E-20	       -5.582410E-15	       -1.736567E-21	       -1.829382E-15	       -1.246151E-09	       -4.352217E-11	       -2.517399E-11	       -4.358779E-16	       -3.990780E-13	       -4.452739E-11	       -4.639728E-14	       -8.534157E-09	        1.788827E-11	       -5.700829E-08	       -2.929661E-07	       -1.588183E-07	       -1.534041E-09	       -4.906885E-15	       -7.199590E-18	       -3.692656E-08	       -1.645935E-06	       -2.858068E-07	        4.812492E-16	        2.941938E-17	        5.424400E-15	       -1.558665E-20	        1.800515E+03	       -5.840998E+05	        1.900984E-01	        4.300981E+08	        2.702275E-02	        4.770270E-04	        4.259645E+01	        1.219943E+02
        1.675187E-03	        5.735601E-01	        2.536723E-19	        7.618422E-24	        0.000000E+00	        1.297283E-19	        7.328574E-19	        8.619734E-19	        7.757498E-05	        1.802513E-01	        3.129252E-03	        5.296099E-03	        1.789697E-04	        9.609470E-02	        0.000000E+00	        1.480319E-05	        4.349124E-06	        1.071293E-02	        1.306798E-01	        5.698154E-09	        9.236913E-15	        2.247307E-13	        2.792167E-12	        2.066180E-12	        2.474485E-11	        1.511195E-11	        1.066067E-11	        7.385658E-12	        1.025712E-10	        1.024031E-13	        2.723223E-13	        1.208377E-13	        9.101014E-15	        3.524773E-12	        1.876340E-15	        2.591267E-14	        2.321379E-14	        2.167337E-17	        4.276671E-12	        1.670124E-14	        6.314500E-17	        3.318839E-15	        7.968379E-22	        1.957085E-21	        7.679074E-19	        1.353794E-23	        2.554635E-17	        5.125388E-13	        3.081772E-14	        2.529970E-14	        3.738932E-19	        8.444385E-15	        2.466674E-14	        9.804529E-17	        1.058999E-12	        5.912254E-14	        2.125038E-11	        2.151847E-10	        1.163539E-10	        1.858689E-12	        3.829971E-18	        1.097562E-20	        1.096140E-11	        4.399316E-08	        1.888086E-09	        1.601419E-18	        1.393998E-19	        1.881656E-17	        1.986815E-11	        0.000000E+00	        0.000000E+00	        0.000000E+00	        0.000000E+00	        0.000000E+00	        0.000000E+00	        0.000000E+00	       -2.936019E-01	       -9.111093E-01	        3.195330E-01	        1.766201E-01	       -2.630194E-01	        3.203163E-01	        0.000000E+00	        1.522006E-03	        4.360146E-04	       -1.001814E+00	        1.001825E+00	       -3.219873E-06	       -2.178661E-10	       -2.358615E-09	       -1.521272E-08	       -1.445684E-08	       -3.943781E-08	       -1.839058E-08	       -2.467244E-08	       -8.287150E-09	       -1.604562E-07	       -8.295948E-10	       -3.978399E-10	       -3.735947E-10	       -2.337436E-11	       -2.809875E-08	       -1.695515E-12	       -5.265771E-11	       -7.641580E-11	       -4.822004E-14	       -6.038932E-09	       -1.305917E-11	       -2.670925E-14	       -1.079210E-11	       -1.269023E-18	        6.494775E-20	       -1.304643E-15	        7.203600E-22	        1.647404E-15	       -4.923929E-10	       -1.827894E-11	       -9.603989E-12	       -1.870543E-16	       -2.731100E-13	       -1.666915E-11	       -1.548616E-14	       -2.374150E-09	        1.450185E-11	       -2.284180E-08	       -1.208439E-07	       -6.886027E-08	       -7.878817E-10	       -2.263436E-15	       -2.004169E-18	       -1.497320E-08	       -7.201421E-07	       -1.431274E-07	        5.567332E-16	        5.733879E-17	        6.018656E-15	       -2.317907E-21	        1.744208E+03	       -5.911657E+05	        1.969994E-01	        3.387493E+08	        2.120092E-02	        4.483797E-04	        2.685759E+01	        9.991597E+01
        1.705645E-03	        5.763261E-01	        1.970081E-19	        6.161549E-24	        0.000000E+00	        1.011353E-19	        5.687157E-19	        6.676560E-19	        5.273982E-05	        1.895745E-01	        2.428267E-03	        4.307143E-03	        1.302792E-04	        9.380729E-02	        0.000000E+00	        1.465888E-05	        4.255630E-06	        7.925257E-03	        1.254295E-01	        3.188422E-09	        1.820251E-15	        6.792466E-14	        1.127186E-12	        8.054817E-13	        1.222748E-11	        7.306444E-12	        4.559922E-12	        3.938709E-12	        5.313195E-11	        3.553534E-14	        1.413810E-13	        4.884136E-14	        3.885674E-15	        1.149302E-12	        9.979700E-16	        1.143867E-14	        1.036285E-14	        1.033651E-17	        2.182692E-12	        8.642471E-15	        3.809778E-17	        1.216603E-15	        3.739306E-22	        1.210070E-21	        3.897801E-19	        9.138258E-24	        1.820340E-17	        2.691892E-13	        1.743937E-14	        1.559595E-14	        1.993811E-19	        5.448469E-15	        1.295262E-14	        6.416865E-17	        4.098030E-13	        4.432563E-14	        1.073086E-11	        1.161362E-10	        6.400508E-11	        1.011179E-12	        1.971896E-18	        6.651610E-21	        4.472658E-12	        3.374001E-08	        1.379635E-09	        1.339841E-18	        1.247678E-19	        1.546668E-17	        1.545050E-11	        0.000000E+00	        0.000000E+00	        0.000000E+00	        0.000000E+00	        0.000000E+00	        0.000000E+00	        0.000000E+00	       -2.428734E-01	       -5.805357E-01	        1.343408E-01	        1.407819E-01	       -1.750870E-01	        2.246226E-01	        0.000000E+00	        1.954527E-03	        5.344751E-04	       -6.563394E-01	        6.563448E-01	       -1.960623E-06	       -3.205557E-11	       -5.448797E-10	       -4.581162E-09	       -3.478376E-09	       -1.342762E-08	       -6.418227E-09	       -8.805522E-09	       -2.598485E-09	       -5.958650E-08	       -2.032293E-10	       -1.340652E-10	       -9.187627E-11	       -6.402978E-12	       -6.830957E-09	       -6.255289E-13	       -1.887314E-11	       -1.776970E-11	       -1.334511E-14	       -1.798991E-09	       -5.493594E-12	       -1.270080E-14	       -3.282015E-12	       -2.032163E-19	       -1.875614E-19	       -3.700891E-16	       -3.000779E-22	        1.409881E-16	       -1.926507E-10	       -8.690256E-12	       -4.695137E-12	       -1.046199E-16	       -7.126815E-13	       -6.607530E-12	       -1.030998E-14	       -6.508524E-10	        4.048486E-12	       -8.752090E-09	       -5.319532E-08	       -2.925115E-08	       -4.240111E-10	       -1.243753E-15	       -7.745060E-19	       -4.961707E-09	       -3.116654E-07	       -7.159151E-08	        3.180215E-16	        4.020192E-17	        3.169032E-15	       -3.824000E-22	        1.695721E+03	       -5.969893E+05	        2.032425E-01	        2.553831E+08	        1.648067E-02	        4.248321E-04	        1.686011E+01	        8.132909E+01
        1.766561E-03	        5.803471E-01	        1.146361E-19	        3.810009E-24	        0.000000E+00	        5.917037E-20	        3.305119E-19	        3.855440E-19	        2.237726E-05	        2.035634E-01	        1.358823E-03	        2.813323E-03	        6.777380E-05	        9.038714E-02	        0.000000E+00	        1.293620E-05	        3.693400E-06	        4.303850E-03	        1.171195E-01	        8.742263E-10	        7.263134E-17	        6.504633E-15	        2.139053E-13	        1.991137E-13	        3.484875E-12	        2.134539E-12	        8.606576E-13	        1.489240E-12	        1.764337E-11	        5.293114E-15	        5.175503E-14	        1.105669E-14	        9.651656E-16	        2.658371E-13	        4.103119E-16	        2.369121E-15	        3.370897E-15	        2.959426E-18	        9.119698E-13	        2.471568E-15	        1.480555E-17	        1.655851E-16	        1.087118E-22	        3.140876E-22	        1.219791E-19	        3.052552E-24	        7.389541E-18	        9.186965E-14	        6.155512E-15	        5.900469E-15	        4.652715E-20	        1.945155E-15	        4.610321E-15	        2.485117E-17	        7.703047E-14	        1.787018E-14	        3.247530E-12	        3.956713E-11	        2.224255E-11	        2.869215E-13	        4.689028E-19	        2.100528E-21	        7.493142E-13	        1.955169E-08	        7.648550E-10	        5.630432E-19	        5.344736E-20	        6.652157E-18	        9.028440E-12	        0.000000E+00	        0.000000E+00	        0.000000E+00	        0.000000E+00	        0.000000E+00	        0.000000E+00	        0.000000E+00	       -1.725254E-01	       -2.692568E-01	        2.156363E-02	        1.581349E-01	       -8.168864E-02	        8.715796E-02	        0.000000E+00	        2.307645E-03	        5.727739E-04	       -2.658938E-01	        2.658955E-01	       -1.032474E-06	       -3.910610E-12	       -1.100055E-10	       -1.168825E-09	       -6.211874E-10	       -3.734567E-09	       -1.678632E-09	       -2.676843E-09	       -5.426427E-10	       -1.556794E-08	       -4.383807E-11	       -2.571222E-11	       -2.004601E-11	       -1.406329E-12	       -8.900386E-10	       -7.068695E-14	       -5.540178E-12	       -2.974230E-12	       -3.122118E-15	       -3.001153E-10	       -1.691833E-12	       -3.788623E-15	       -8.556305E-13	        3.759285E-21	       -2.490367E-19	       -8.412330E-17	       -1.138250E-21	       -1.015328E-15	       -5.262103E-11	       -2.688232E-12	       -1.838928E-12	       -5.503239E-17	       -4.361457E-13	       -1.596820E-12	       -5.895720E-15	       -1.529204E-10	       -1.663916E-12	       -2.507562E-09	       -1.472601E-08	       -9.002943E-09	       -1.683895E-10	       -5.217571E-16	       -4.929258E-19	       -1.469050E-09	       -5.565662E-08	       -1.741442E-08	       -2.501762E-17	        4.801574E-18	       -6.970712E-17	       -1.474329E-23	        1.620114E+03	       -6.048120E+05	        2.135918E-01	        1.240424E+08	        9.618712E-03	        3.900868E-04	        6.209902E+00	        5.150935E+01
        1.797019E-03	        5.817303E-01	        8.630058E-20	        2.922737E-24	        0.000000E+00	        4.456952E-20	        2.487370E-19	        2.886437E-19	        1.393545E-05	        2.084750E-01	        9.869546E-04	        2.268463E-03	        4.816841E-05	        8.919250E-02	        0.000000E+00	        1.146627E-05	        3.275590E-06	        3.143848E-03	        1.141261E-01	        4.232392E-10	        1.258280E-17	        1.882059E-15	        8.859980E-14	        9.809082E-14	        1.768919E-12	        1.148653E-12	        3.599343E-13	        9.093453E-13	        1.010402E-11	        1.980630E-15	        3.041198E-14	        5.225795E-15	        4.633413E-16	        1.263834E-13	        2.463710E-16	        9.752471E-16	        1.926672E-15	        1.467711E-18	        6.201435E-13	        1.187458E-15	        8.715216E-18	        6.070570E-17	        5.532154E-23	        1.295576E-22	        6.228441E-20	        1.537157E-24	        4.161644E-18	        5.454261E-14	        3.514344E-15	        3.413782E-15	        1.998848E-20	        9.967172E-16	        2.771662E-15	        1.411491E-17	        3.306194E-14	        9.767380E-15	        1.772175E-12	        2.239425E-11	        1.306706E-11	        1.368260E-13	        1.987371E-19	        1.014875E-21	        2.986663E-13	        1.473372E-08	        5.682265E-10	        3.121913E-19	        2.599569E-20	        3.662567E-18	        6.819215E-12	        0.000000E+00	        0.000000E+00	        0.000000E+00	        0.000000E+00	        0.000000E+00	        0.000000E+00	        0.000000E+00	       -1.154344E-01	       -1.668988E-01	       -2.031722E-02	        1.490041E-01	       -5.399595E-02	        3.577541E-02	        0.000000E+00	        1.879548E-03	        4.962205E-04	       -1.645827E-01	        1.645835E-01	       -4.763727E-07	       -3.420748E-13	       -1.953815E-11	       -3.663886E-10	       -2.300628E-10	       -1.741185E-09	       -6.937198E-10	       -8.083136E-10	       -2.728356E-10	       -7.200405E-09	       -1.083861E-11	       -1.439663E-11	       -6.599378E-12	       -5.402069E-13	       -3.183021E-10	       -7.000774E-14	       -2.080725E-12	       -1.309546E-12	       -1.546995E-15	       -1.217818E-10	       -9.404597E-13	       -2.726223E-15	       -1.911043E-13	        6.802422E-21	       -1.592305E-19	       -4.987233E-17	       -9.249066E-22	       -1.418105E-15	       -2.356814E-11	       -1.509607E-12	       -1.268677E-12	       -2.382574E-17	       -4.686293E-13	       -7.550448E-13	       -5.151752E-15	       -4.428749E-11	       -3.155617E-12	       -1.060719E-09	       -7.514528E-09	       -4.201510E-09	       -9.154682E-11	       -2.472153E-16	       -4.129373E-19	       -3.917074E-10	       -2.299940E-08	       -8.038081E-09	       -8.498749E-17	       -1.268879E-17	       -1.005870E-15	       -3.535983E-24	        1.592355E+03	       -6.079555E+05	        2.176014E-01	        8.092627E+07	        7.258160E-03	        3.778952E-04	        3.514866E+00	        3.937251E+01
        1.827477E-03	        5.827814E-01	        6.477076E-20	        2.221665E-24	        0.000000E+00	        3.339703E-20	        1.866781E-19	        2.150817E-19	        8.519813E-06	        2.122527E-01	        7.071874E-04	        1.832712E-03	        3.420594E-05	        8.827925E-02	        0.000000E+00	        9.816894E-06	        2.813259E-06	        2.302011E-03	        1.117894E-01	        1.992211E-10	        2.240114E-18	        5.553325E-16	        3.750876E-14	        5.101815E-14	        9.138011E-13	        6.438399E-13	        1.531589E-13	        5.671616E-13	        5.984552E-12	        7.708154E-16	        1.815401E-14	        2.553749E-15	        2.259829E-16	        6.425075E-14	        1.500395E-16	        3.992274E-16	        1.144622E-15	        7.204634E-19	        4.423435E-13	        5.591829E-16	        5.118375E-18	        2.373943E-17	        2.854964E-23	        4.826884E-23	        3.111145E-20	        7.357705E-25	        2.221184E-18	        3.408088E-14	        2.026622E-15	        1.960588E-15	        8.225787E-21	        4.815753E-16	        1.737915E-15	        7.773321E-18	        1.487124E-14	        5.021082E-15	        9.975608E-13	        1.283168E-11	        7.900485E-12	        6.290736E-14	        8.062136E-20	        4.571165E-22	        1.212309E-13	        1.109225E-08	        4.239331E-10	        1.612946E-19	        1.092814E-20	        1.849292E-18	        5.140579E-12	        0.000000E+00	        0.000000E+00	        0.000000E+00	        0.000000E+00	        0.000000E+00	        0.000000E+00	        0.000000E+00	       -7.850631E-02	       -1.080335E-01	       -3.345342E-02	        1.408831E-01	       -3.571293E-02	        3.366443E-03	        0.000000E+00	        1.509578E-03	        4.034713E-04	       -1.014443E-01	        1.014446E-01	       -2.444653E-07	       -5.754143E-14	       -5.438120E-12	       -1.417802E-10	       -9.363959E-11	       -8.173492E-10	       -3.106686E-10	       -3.179386E-10	       -1.417791E-10	       -3.428363E-09	       -3.724913E-12	       -7.537990E-12	       -2.775749E-12	       -2.415230E-13	       -1.227094E-10	       -3.634480E-14	       -8.487232E-13	       -6.134072E-13	       -7.720882E-16	       -4.844351E-11	       -4.660621E-13	       -1.639793E-15	       -6.285848E-14	        5.535165E-21	       -7.970781E-20	       -2.689188E-17	       -5.529444E-22	       -1.062870E-15	       -1.073940E-11	       -8.016837E-13	       -7.630737E-13	       -1.110290E-17	       -2.899873E-13	       -3.588632E-13	       -3.411957E-15	       -1.675557E-11	       -2.315800E-12	       -4.868222E-10	       -3.855317E-09	       -2.054061E-09	       -4.700075E-11	       -1.129110E-16	       -2.558329E-19	       -1.471328E-10	       -9.541999E-09	       -3.645946E-09	       -6.935669E-17	       -9.930941E-18	       -8.638178E-16	       -9.865806E-25	        1.570569E+03	       -6.104019E+05	        2.208316E-01	        5.043289E+07	        5.464541E-03	        3.685416E-04	        1.956490E+00	        2.974541E+01
        1.857935E-03	        5.835694E-01	        4.862855E-20	        1.682588E-24	        0.000000E+00	        2.496617E-20	        1.401999E-19	        1.599705E-19	        5.136419E-06	        2.151147E-01	        5.020056E-04	        1.485498E-03	        2.435330E-05	        8.759400E-02	        0.000000E+00	        8.153916E-06	        2.349194E-06	        1.695138E-03	        1.099992E-01	        9.196065E-11	        4.026636E-19	        1.671045E-16	        1.622235E-14	        2.777013E-14	        4.826393E-13	        3.744062E-13	        6.623170E-14	        3.615963E-13	        3.659680E-12	        3.115902E-16	        1.102986E-14	        1.287673E-15	        1.121748E-16	        3.450922E-14	        9.242774E-17	        1.637825E-16	        7.055018E-16	        3.523407E-19	        3.264579E-13	        2.597620E-16	        3.039640E-18	        1.003212E-17	        1.508076E-23	        1.672166E-23	        1.538548E-20	        3.435396E-25	        1.148974E-18	        2.232807E-14	        1.185992E-15	        1.132610E-15	        3.309534E-21	        2.221055E-16	        1.134984E-15	        4.217643E-18	        6.972294E-15	        2.494299E-15	        5.752658E-13	        7.444811E-12	        4.906534E-12	        2.802335E-14	        3.174806E-20	        1.959654E-22	        4.997480E-14	        8.369990E-09	        3.180572E-10	        8.036216E-20	        4.146539E-21	        8.820988E-19	        3.881987E-12	        0.000000E+00	        0.000000E+00	        0.000000E+00	        0.000000E+00	        0.000000E+00	        0.000000E+00	        0.000000E+00	       -5.148304E-02	       -7.086278E-02	       -3.610605E-02	        1.264449E-01	       -2.421537E-02	       -1.411277E-02	        0.000000E+00	        1.090488E-03	        3.020524E-04	       -6.271420E-02	        6.271438E-02	       -1.196517E-07	       -1.007991E-14	       -1.550494E-12	       -5.638057E-11	       -4.036354E-11	       -3.819204E-10	       -1.445518E-10	       -1.283608E-10	       -7.591125E-11	       -1.677965E-09	       -1.333823E-12	       -3.976825E-12	       -1.217918E-12	       -1.097318E-13	       -5.039553E-11	       -1.946674E-14	       -3.412873E-13	       -2.973702E-13	       -3.765721E-16	       -1.787622E-11	       -2.226130E-13	       -9.116867E-16	       -2.129999E-14	        3.922890E-21	       -3.304756E-20	       -1.330315E-17	       -2.779306E-22	       -6.376327E-16	       -4.990335E-12	       -4.195706E-13	       -4.239151E-13	       -4.713114E-18	       -1.591212E-13	       -1.724964E-13	       -1.978101E-15	       -6.686034E-12	       -1.325524E-12	       -2.337705E-10	       -2.007153E-09	       -1.037382E-09	       -2.284453E-11	       -4.774071E-17	       -1.322819E-19	       -5.695282E-11	       -3.997480E-09	       -1.637654E-09	       -4.082543E-17	       -5.165955E-18	       -5.206754E-16	       -3.174102E-25	        1.553804E+03	       -6.122758E+05	        2.233692E-01	        3.030276E+07	        4.119738E-03	        3.614710E-04	        1.067730E+00	        2.218801E+01
        1.888393E-03	        5.841532E-01	        3.667039E-20	        1.277598E-24	        0.000000E+00	        1.868512E-20	        1.058012E-19	        1.191707E-19	        3.072118E-06	        2.172543E-01	        3.549267E-04	        1.209957E-03	        1.747031E-05	        8.708852E-02	        0.000000E+00	        6.615304E-06	        1.917877E-06	        1.260527E-03	        1.086495E-01	        4.208539E-11	        7.368060E-20	        5.171269E-17	        7.192977E-15	        1.571811E-14	        2.609323E-13	        2.253372E-13	        2.921601E-14	        2.364992E-13	        2.309635E-12	        1.310932E-16	        6.837854E-15	        6.719260E-16	        5.689019E-17	        1.936468E-14	        5.754402E-17	        6.802016E-17	        4.512739E-16	        1.729513E-19	        2.470111E-13	        1.195860E-16	        1.841873E-18	        4.604427E-18	        8.217580E-24	        5.488767E-24	        7.557663E-21	        1.573900E-25	        5.832803E-19	        1.528205E-14	        7.064671E-16	        6.639400E-16	        1.317303E-21	        9.915073E-17	        7.707221E-16	        2.275781E-18	        3.401561E-15	        1.210548E-15	        3.382090E-13	        4.378430E-12	        3.131040E-12	        1.212105E-14	        1.225129E-20	        8.139642E-23	        2.100145E-14	        6.356657E-09	        2.406570E-10	        3.926543E-20	        1.461192E-21	        4.010823E-19	        2.949611E-12	        0.000000E+00	        0.000000E+00	        0.000000E+00	        0.000000E+00	        0.000000E+00	        0.000000E+00	        0.000000E+00	       -3.109222E-02	       -4.566035E-02	       -3.542122E-02	        1.074322E-01	       -1.713200E-02	       -2.156059E-02	        0.000000E+00	        6.334414E-04	        2.059313E-04	       -3.919152E-02	        3.919160E-02	       -4.838839E-08	       -1.315158E-15	       -3.533407E-13	       -1.944847E-11	       -1.769214E-11	       -1.739443E-10	       -6.784745E-11	       -4.460172E-11	       -4.216355E-11	       -8.450664E-10	       -4.136040E-13	       -2.174628E-12	       -4.836886E-13	       -4.505977E-14	       -2.180063E-11	       -1.225420E-14	       -1.147778E-13	       -1.478074E-13	       -1.617493E-16	       -5.482277E-12	       -9.348669E-14	       -4.886079E-16	       -6.455894E-15	        3.043444E-21	       -1.000766E-20	       -6.007411E-18	       -1.246081E-22	       -3.365637E-16	       -2.393806E-12	       -2.196866E-13	       -2.267669E-13	       -1.629104E-18	       -6.993384E-14	       -8.414983E-14	       -1.058905E-15	       -2.420263E-12	       -6.630750E-13	       -1.138787E-10	       -1.062301E-09	       -5.395843E-10	       -9.462494E-12	       -1.625637E-17	       -5.087342E-20	       -1.862887E-11	       -1.703552E-09	       -7.359507E-10	       -2.055242E-17	       -1.851196E-18	       -2.611521E-16	       -1.164981E-25	        1.541126E+03	       -6.136894E+05	        2.253187E-01	        1.775493E+07	        3.123497E-03	        3.561982E-04	        5.934606E-01	        1.666381E+01
        1.949309E-03	        5.849089E-01	        2.119109E-20	        7.509464E-25	        0.000000E+00	        1.050917E-20	        6.131964E-20	        6.638958E-20	        1.103921E-06	        2.200567E-01	        1.772667E-04	        8.122379E-04	        9.336276E-06	        8.644293E-02	        0.000000E+00	        4.153991E-06	        1.202218E-06	        7.225949E-04	        1.068637E-01	        9.065874E-12	        2.995212E-21	        5.857195E-18	        1.634507E-15	        6.091823E-15	        9.125195E-14	        9.489856E-14	        6.384811E-15	        1.143762E-13	        1.056284E-12	        2.806021E-17	        2.976519E-15	        2.122265E-16	        1.675108E-17	        7.616384E-15	        2.532785E-17	        1.380215E-17	        2.153224E-16	        4.643133E-20	        1.493461E-13	        2.851807E-17	        7.748757E-19	        1.355612E-18	        2.826186E-24	        6.388461E-25	        2.118660E-21	        3.984742E-26	        1.691303E-19	        8.261180E-15	        2.834385E-16	        2.613341E-16	        2.418588E-22	        2.024552E-17	        4.051649E-16	        7.390120E-19	        9.564236E-16	        3.243773E-16	        1.286729E-13	        1.698734E-12	        1.439441E-12	        2.390831E-15	        2.013809E-21	        1.486318E-23	        4.035314E-15	        3.754215E-09	        1.416895E-10	        1.108647E-20	        1.944493E-22	        8.980882E-20	        1.742680E-12	        0.000000E+00	        0.000000E+00	        0.000000E+00	        0.000000E+00	        0.000000E+00	        0.000000E+00	        0.000000E+00	       -1.302494E-02	       -2.209487E-02	       -2.744393E-02	        8.002846E-02	       -8.861930E-03	       -2.481681E-02	        0.000000E+00	        1.953869E-04	        7.928960E-05	       -1.587264E-02	        1.587266E-02	       -1.164566E-08	       -8.017921E-17	       -4.344528E-14	       -3.986636E-12	       -4.450582E-12	       -4.413843E-11	       -1.893235E-11	       -9.355265E-12	       -1.366816E-11	       -2.522080E-10	       -7.609446E-14	       -6.866632E-13	       -1.209808E-13	       -1.117180E-14	       -5.192221E-12	       -3.817291E-15	       -2.128559E-14	       -4.021607E-14	       -3.996296E-17	        1.017223E-12	       -2.085113E-14	       -1.441336E-16	       -1.146209E-15	        1.355552E-21	       -1.383708E-21	       -1.275870E-18	       -2.638468E-23	       -8.967661E-17	       -5.227429E-13	       -6.849264E-14	       -6.771485E-14	       -2.895268E-19	       -1.621841E-14	       -2.060381E-14	       -3.070321E-16	       -5.444920E-13	       -1.611420E-13	       -3.547267E-11	       -3.375480E-10	       -1.724551E-10	       -2.032477E-12	       -2.833761E-18	       -1.037378E-20	       -3.717033E-12	       -3.316047E-10	       -1.540494E-10	       -4.887410E-18	       -2.862579E-19	       -6.027532E-17	       -2.159275E-26	        1.524365E+03	       -6.155092E+05	        2.279368E-01	        5.279341E+06	        1.833894E-03	        3.493283E-04	        2.106704E-01	        1.002558E+01
        2.071141E-03	        5.856052E-01	        6.927365E-21	        2.685696E-25	        0.000000E+00	        3.065414E-21	        1.879010E-20	        1.778705E-20	        1.369691E-07	        2.226846E-01	        4.187224E-05	        3.579744E-04	        2.993067E-06	        8.587686E-02	        0.000000E+00	        1.470032E-06	        3.688271E-07	        2.555725E-04	        1.051730E-01	        4.344254E-13	        9.490037E-24	        1.389580E-19	        1.202244E-16	        1.536589E-15	        2.036208E-14	        2.479549E-14	        4.529073E-16	        3.889576E-14	        3.248464E-13	        2.108201E-18	        8.372589E-16	        3.092794E-17	        2.134965E-18	        2.162417E-15	        7.215380E-18	        9.764622E-19	        7.065592E-17	        4.849240E-21	        5.659199E-14	        2.481307E-18	        2.011330E-19	        2.871855E-19	        4.472916E-25	        1.641701E-26	        3.169976E-22	        6.566487E-27	        3.086189E-20	        3.108203E-15	        7.059567E-17	        6.530046E-17	        1.798539E-23	        9.713814E-19	        1.428048E-16	        1.361698E-19	        1.097035E-16	        4.895970E-17	        2.263202E-14	        4.059792E-13	        4.374099E-13	        1.186837E-16	        8.761853E-23	        7.190635E-25	        1.676480E-16	        1.358215E-09	        5.122895E-11	        2.196944E-21	        7.945996E-24	        9.321583E-21	        6.305175E-13	        0.000000E+00	        0.000000E+00	        0.000000E+00	        0.000000E+00	        0.000000E+00	        0.000000E+00	        0.000000E+00	       -3.331211E-03	       -6.258102E-03	       -1.448724E-02	        4.083804E-02	       -2.294492E-03	       -1.644121E-02	        0.000000E+00	       -1.675737E-05	       -9.338574E-06	       -2.658799E-03	        2.658800E-03	       -1.374201E-09	       -1.310549E-18	       -2.189956E-15	       -4.584578E-13	       -5.477169E-13	       -5.497531E-12	       -2.601415E-12	       -1.021652E-12	       -1.155179E-12	       -2.952919E-11	       -7.828164E-15	       -9.418726E-14	       -1.875429E-14	       -1.641423E-15	       -5.101067E-13	       -4.806810E-16	       -2.047187E-15	       -3.366152E-15	       -5.461253E-18	        7.505700E-13	       -2.464235E-15	       -2.052990E-17	       -1.044508E-16	        2.494536E-22	       -7.144610E-23	       -8.005645E-20	       -2.339608E-24	       -9.560477E-18	        8.853036E-14	       -1.047151E-14	       -9.307957E-15	       -2.326176E-20	       -1.742248E-15	       -5.638458E-16	       -4.048064E-17	       -7.690432E-14	       -1.684642E-14	       -7.447772E-12	       -4.965093E-11	       -2.215799E-11	       -2.043219E-13	       -2.202349E-19	       -1.021525E-21	       -3.715134E-13	       -1.369288E-11	       -6.832603E-12	       -4.436717E-19	       -1.666338E-20	       -5.803487E-18	       -1.500730E-27	        1.508579E+03	       -6.172164E+05	        2.304463E-01	       -4.063878E+05	        6.455500E-04	        3.429621E-04	        3.052315E-02	        3.851377E+00
        2.192972E-03	        5.858613E-01	        1.681086E-21	        9.361886E-26	        0.000000E+00	        2.105719E-22	        3.465288E-21	        0.000000E+00	        1.353866E-08	        2.236650E-01	        8.102472E-06	        1.428604E-04	        9.798836E-07	        8.568914E-02	        0.000000E+00	        5.210984E-07	        8.426670E-08	        8.894824E-05	        1.045430E-01	        1.758226E-14	        5.583283E-26	        8.686034E-21	        8.117670E-18	        4.306353E-16	        5.703846E-15	        6.392347E-15	        4.002629E-17	        1.449168E-14	        1.089912E-13	        1.679939E-19	        2.591333E-16	        4.525495E-18	        2.836376E-19	        7.223587E-16	        2.116536E-18	        8.876842E-20	        2.397716E-17	        5.568072E-22	        2.029424E-14	        2.404807E-19	        5.265156E-20	        8.233607E-20	        6.307998E-26	        4.295669E-28	        3.663485E-23	        1.460411E-27	        7.828594E-21	        9.737650E-16	        2.132466E-17	        1.898802E-17	        1.734680E-24	        3.652312E-20	        4.849279E-17	        2.942472E-20	        1.127338E-17	        8.330154E-18	        3.227328E-15	        1.160792E-13	        1.455657E-13	        4.599577E-18	        4.790491E-24	        3.096348E-26	        5.763026E-18	        4.770388E-10	        1.799181E-11	        5.889959E-22	        5.518842E-25	        1.023244E-21	        2.214549E-13	        0.000000E+00	        0.000000E+00	        0.000000E+00	        0.000000E+00	        0.000000E+00	        0.000000E+00	        0.000000E+00	       -4.674927E-04	       -1.111882E-03	       -4.942463E-03	        1.224944E-02	       -4.644813E-04	       -5.401202E-03	        0.000000E+00	       -2.147425E-05	       -1.455420E-05	       -3.900437E-04	        3.900438E-04	       -6.765715E-11	       -4.079870E-21	       -4.497208E-17	       -3.432127E-14	       -8.581026E-14	       -6.576660E-13	       -6.415370E-13	       -6.617225E-14	        1.710053E-13	       -2.735230E-12	       -5.689187E-16	       -1.433613E-14	       -2.624990E-15	       -1.993665E-16	       -3.818857E-14	       -1.000483E-16	       -1.304278E-16	       -3.847999E-16	       -5.285483E-19	        1.326996E-13	       -2.019639E-16	       -4.739845E-18	       -9.567135E-18	        3.793919E-23	       -1.823987E-24	        2.294282E-21	       -2.530199E-25	       -9.776839E-19	       -1.710478E-14	       -1.242935E-15	       -1.294729E-15	       -1.537234E-21	       -8.682259E-17	       -3.213737E-16	       -5.713064E-18	       -9.224692E-15	       -2.203468E-15	       -1.600688E-12	       -6.608506E-12	       -2.190871E-12	       -1.055680E-14	       -9.101198E-21	       -5.086643E-23	       -1.581282E-14	       -4.608753E-13	       -2.360148E-13	       -4.563613E-20	       -5.998677E-22	       -5.758737E-19	       -1.424901E-28	        1.502757E+03	       -6.178710E+05	        2.313840E-01	       -3.230888E+05	        2.084674E-04	        3.406348E-04	        4.019956E-03	        1.402460E+00
        2.314804E-03	        5.859521E-01	        0.000000E+00	        3.222860E-26	        0.000000E+00	        7.312890E-23	        1.904282E-21	        0.000000E+00	        1.267313E-09	        2.240146E-01	        1.418417E-06	        5.276813E-05	        3.293285E-07	        8.562914E-02	        0.000000E+00	        2.322965E-07	        1.651441E-08	        3.066129E-05	        1.043187E-01	        9.575804E-16	        9.543414E-28	        1.638425E-21	        5.454781E-19	        1.250149E-16	        1.829839E-15	        1.630671E-15	        4.353095E-18	        5.368394E-15	        3.729088E-14	        1.435265E-20	        8.502261E-17	        6.149075E-19	        4.101681E-20	        2.531928E-16	        6.245656E-19	        9.797706E-21	        8.164564E-18	        6.846313E-23	        7.065837E-15	        2.693997E-20	        1.399520E-20	        2.640771E-20	        8.056983E-27	        1.271704E-29	        0.000000E+00	        3.964550E-28	        2.415955E-21	        2.623579E-16	        7.196631E-18	        6.046357E-18	        1.936806E-25	        1.328056E-21	        1.629111E-17	        7.275710E-21	        1.062685E-18	        1.596974E-18	        4.187022E-16	        3.723535E-14	        4.951732E-14	        1.689691E-19	        4.016077E-25	        1.348692E-27	        1.990514E-19	        1.649416E-10	        6.220839E-12	        1.843770E-22	        5.944007E-26	        1.240396E-22	        7.657061E-14	        0.000000E+00	        0.000000E+00	        0.000000E+00	        0.000000E+00	        0.000000E+00	        0.000000E+00	        0.000000E+00	       -5.195328E-05	       -1.874172E-04	       -1.326158E-03	        3.041978E-03	       -7.211807E-05	       -1.429314E-03	        0.000000E+00	        2.422420E-05	       -5.692393E-06	       -5.126451E-05	        5.126452E-05	       -2.707492E-12	       -2.342820E-23	       -1.607633E-18	       -2.472406E-15	       -2.436718E-14	       -7.271813E-14	       -2.166898E-13	       -5.811478E-15	        1.305420E-13	       -2.321840E-13	       -4.770803E-17	       -2.190671E-15	       -4.691731E-16	       -2.818840E-17	        3.278649E-15	       -3.498198E-17	       -1.184918E-17	       -6.879912E-17	       -6.438827E-20	        1.783283E-14	       -2.003160E-17	       -1.465909E-18	       -1.214054E-18	        4.473766E-24	       -4.834042E-26	        1.615169E-21	       -3.774425E-26	       -1.060352E-19	       -2.919522E-14	       -6.762523E-17	       -1.987070E-16	       -1.516167E-22	       -3.394027E-18	       -1.302004E-16	       -1.082454E-18	       -1.086153E-15	       -3.780197E-16	       -2.810838E-13	       -8.232082E-13	       -2.493575E-13	       -4.269619E-16	       -4.685726E-22	       -2.280429E-24	       -5.607755E-16	       -1.477353E-14	       -7.624577E-15	       -5.461298E-21	       -3.792461E-23	       -6.639581E-20	       -1.547295E-29	        1.500706E+03	       -6.181064E+05	        2.317161E-01	       -1.048985E+05	        5.365886E-05	        3.398167E-04	        4.974732E-04	        4.939544E-01
        2.436636E-03	        5.859835E-01	        0.000000E+00	        1.106190E-26	        0.000000E+00	        2.520108E-23	        6.552458E-22	        0.000000E+00	        4.361437E-10	        2.241362E-01	        4.881458E-07	        1.816006E-05	        1.133378E-07	        8.561003E-02	        0.000000E+00	        7.994444E-08	        5.683407E-09	        1.055203E-05	        1.042409E-01	        3.295496E-16	        3.284350E-28	        5.638613E-22	        1.877253E-19	        4.302366E-17	        6.297359E-16	        5.611927E-16	        1.498110E-18	        1.847524E-15	        1.283359E-14	        4.939439E-21	        2.926039E-17	        2.116194E-19	        1.411587E-20	        8.713588E-17	        2.149432E-19	        3.371864E-21	        2.809821E-18	        2.356147E-23	        2.431696E-15	        9.271345E-21	        4.816426E-21	        9.088169E-21	        2.772797E-27	        4.376547E-30	        0.000000E+00	        1.364393E-28	        8.314469E-22	        9.029003E-17	        2.476708E-18	        2.080843E-18	        6.665484E-26	        4.570482E-22	        5.606556E-18	        2.503923E-21	        3.657212E-19	        5.495958E-19	        1.440957E-16	        1.281448E-14	        1.704130E-14	        5.815043E-20	        1.382126E-25	        4.641499E-28	        6.850319E-20	        5.676438E-11	        2.140891E-12	        6.345302E-23	        2.045620E-26	        4.268800E-23	        2.635164E-14	        0.000000E+00	        0.000000E+00	        0.000000E+00	        0.000000E+00	        0.000000E+00	        0.000000E+00	        0.000000E+00	       -8.582517E-05	       -1.370283E-04	       -7.856658E-04	        1.879890E-03	        1.647809E-06	       -9.203016E-04	        0.000000E+00	        5.174009E-05	       -4.248860E-06	       -5.151104E-06	        5.151130E-06	       -2.447818E-11	       -3.256481E-22	       -3.539237E-17	       -2.428179E-14	       -8.149885E-15	        2.641288E-14	       -4.400600E-14	       -1.926044E-13	        7.060831E-14	       -1.893908E-14	       -7.033518E-15	       -9.394345E-17	       -2.490053E-14	       -8.830521E-16	        3.647592E-15	        9.010999E-17	       -1.589473E-16	       -6.855111E-18	       -7.830732E-19	        2.107857E-15	       -6.418214E-18	       -4.118785E-19	       -1.981821E-17	       -6.423877E-19	       -3.034765E-25	        4.813439E-22	       -8.938306E-27	       -1.192345E-20	       -1.768954E-14	        2.953014E-17	       -4.290706E-17	       -4.254934E-21	       -1.510428E-17	       -1.856555E-17	       -3.370090E-19	       -4.526809E-14	       -1.248988E-16	       -1.174573E-13	       -1.011483E-13	       -5.289200E-14	       -3.710940E-16	       -4.102817E-21	       -8.889036E-21	       -4.543496E-15	       -1.743037E-15	       -9.024515E-16	       -4.670616E-22	       -6.233576E-22	       -2.317556E-20	       -1.790217E-30	        1.500000E+03	       -6.181884E+05	        2.318307E-01	       -7.846116E+04	        0.000000E+00	        3.395349E-04	        1.317273E-04	        2.542846E-01
