function [W] = Compute_ReactionRates(Y_vec,RHO,TEMP,PRESSURE)


% species numbering
SAR=1; SN2=2; SA1CO=3; SH2O2=4; SCH=5; STXCH2=6; SCVCCVCCJVO=7; 
SCH2CHO=8; SCH2OH=9; SA1X=10; STXC5H5O=11; SOC6H4O=12; SC2H3CHO=13; 
SNXC4H5=14; SC5H4CH2=15; SC3H3=16; SSXCH2=17; SA1CHO=18; SA1CH2O=19; 
SC6H5CYCH2O=20; SC6H5OCH2=21; SC5H4CH3=22; SC5H6=23; SC5H5CH3X1=24; 
SC3H2=25; SAXC3H4=26; SA1OH=27; SC6H6OX24=28; SCH2CO=29; SHCCO=30; 
SC2H3=31; SCH4=32; SC2H6=33; SAXC3H5=34; SC3H6=35; SCH3O=36; SC2H2=37; 
SC5H5=38; SO=39; SA1=40; SHCO=41; SCH2O=42; SHO2=43; SH=44; SC2H4=45; 
SC2H5=46; SA1O=47; SCH3=48; SOH=49; SCO=50; SC6H5OCH3=51; SCO2=52; 
SO2=53; SH2=54; SH2O=55; SOC8H7OOH=56; SN2H2=57; SNNH=58; SNH2=59; 
SNH=60; SHNO=61; SHONO=62; SN=63; SH2NO=64; SN2O=65; SNH3=66; SNO=67; 
SNO2=68; SHCN=69; SHNC=70; SCN=71; SHNCO=72; SNCO=73; SNCN=74; 
SCH3NH2=75; SH2CN=76; SC5H5N=77; SC5H4N=78; SC5H5NO=79; SC5H4NO=80; 
SC5H4NO2=81; SPYRLYL=82; SBNC4H4CO=83; SC4H4CN=84; SCHCHCN=85; SC4H5N=86; 
SCH2CHCN=87; SC2N2=88; SHNCN=89; SHOCN=90; SCH3CN=91; SCH2CN=92; 

n_species = 92;


% reaction numbering
R1F=1; R1B=2; R2F=3; R2B=4; R3F=5; R3B=6; R4F=7; R4B=8; R5F=9; R5B=10; 
R6F=11; R6B=12; R7F=13; R7B=14; R8F=15; R8B=16; R9F=17; R9B=18; R10F=19; 
R10B=20; R11F=21; R11B=22; R12F=23; R12B=24; R13F=25; R13B=26; R14F=27; 
R14B=28; R15F=29; R15B=30; R16F=31; R16B=32; R17F=33; R17B=34; R18F=35; 
R18B=36; R19F=37; R19B=38; R20F=39; R20B=40; R21F=41; R21B=42; R22F=43; 
R22B=44; R23F=45; R23B=46; R24F=47; R24B=48; R25F=49; R25B=50; R26F=51; 
R26B=52; R27F=53; R27B=54; R28F=55; R28B=56; R29F=57; R29B=58; R30F=59; 
R30B=60; R31F=61; R31B=62; R32F=63; R32B=64; R33=65; R34F=66; R34B=67; 
R35F=68; R35B=69; R36F=70; R36B=71; R37F=72; R37B=73; R38F=74; R38B=75; 
R39F=76; R39B=77; R40F=78; R40B=79; R41F=80; R41B=81; R42F=82; R42B=83; 
R43=84; R44F=85; R44B=86; R45F=87; R45B=88; R46F=89; R46B=90; R47F=91; 
R47B=92; R48=93; R49F=94; R49B=95; R50=96; R51F=97; R51B=98; R52F=99; 
R52B=100; R53F=101; R53B=102; R54F=103; R54B=104; R55F=105; R55B=106; 
R56F=107; R56B=108; R57F=109; R57B=110; R58F=111; R58B=112; R59F=113; 
R59B=114; R60F=115; R60B=116; R61F=117; R61B=118; R62F=119; R62B=120; 
R63F=121; R63B=122; R64F=123; R64B=124; R65F=125; R65B=126; R66F=127; 
R66B=128; R67F=129; R67B=130; R68F=131; R68B=132; R69F=133; R69B=134; 
R70F=135; R70B=136; R71F=137; R71B=138; R72F=139; R72B=140; R73F=141; 
R73B=142; R74F=143; R74B=144; R75F=145; R75B=146; R76F=147; R76B=148; 
R77F=149; R77B=150; R78F=151; R78B=152; R79F=153; R79B=154; R80F=155; 
R80B=156; R81F=157; R81B=158; R82F=159; R82B=160; R83F=161; R83B=162; 
R84F=163; R84B=164; R85F=165; R85B=166; R86F=167; R86B=168; R87F=169; 
R87B=170; R88F=171; R88B=172; R89F=173; R89B=174; R90F=175; R90B=176; 
R91F=177; R91B=178; R92F=179; R92B=180; R93F=181; R93B=182; R94F=183; 
R94B=184; R95F=185; R95B=186; R96F=187; R96B=188; R97F=189; R97B=190; 
R98F=191; R98B=192; R99F=193; R99B=194; R100F=195; R100B=196; R101F=197; 
R101B=198; R102F=199; R102B=200; R103F=201; R103B=202; R104F=203; 
R104B=204; R105F=205; R105B=206; R106F=207; R106B=208; R107F=209; 
R107B=210; R108F=211; R108B=212; R109F=213; R109B=214; R110F=215; 
R110B=216; R111F=217; R111B=218; R112F=219; R112B=220; R113F=221; 
R113B=222; R114F=223; R114B=224; R115F=225; R115B=226; R116F=227; 
R116B=228; R117F=229; R117B=230; R118F=231; R118B=232; R119F=233; 
R119B=234; R120F=235; R120B=236; R121F=237; R121B=238; R122F=239; 
R122B=240; R123F=241; R123B=242; R124F=243; R124B=244; R125F=245; 
R125B=246; R126F=247; R126B=248; R127F=249; R127B=250; R128F=251; 
R128B=252; R129F=253; R129B=254; R130F=255; R130B=256; R131=257; 
R132F=258; R132B=259; R133F=260; R133B=261; R134F=262; R134B=263; 
R135F=264; R135B=265; R136F=266; R136B=267; R137F=268; R137B=269; 
R138F=270; R138B=271; R139F=272; R139B=273; R140F=274; R140B=275; 
R141F=276; R141B=277; R142F=278; R142B=279; R143F=280; R143B=281; 
R144F=282; R144B=283; R145F=284; R145B=285; R146F=286; R146B=287; 
R147F=288; R147B=289; R148F=290; R148B=291; R149F=292; R149B=293; 
R150F=294; R150B=295; R151F=296; R151B=297; R152F=298; R152B=299; 
R153F=300; R153B=301; R154=302; R155F=303; R155B=304; R156F=305; 
R156B=306; R157F=307; R157B=308; R158F=309; R158B=310; R159F=311; 
R159B=312; R160F=313; R160B=314; R161F=315; R161B=316; R162F=317; 
R162B=318; R163F=319; R163B=320; R164F=321; R164B=322; R165F=323; 
R165B=324; R166F=325; R166B=326; R167=327; R168F=328; R168B=329; 
R169F=330; R169B=331; R170F=332; R170B=333; R171F=334; R171B=335; 
R172F=336; R172B=337; R173F=338; R173B=339; R174F=340; R174B=341; 
R175=342; R176F=343; R176B=344; R177F=345; R177B=346; R178F=347; 
R178B=348; R179F=349; R179B=350; R180F=351; R180B=352; R181F=353; 
R181B=354; R182F=355; R182B=356; R183F=357; R183B=358; R184F=359; 
R184B=360; R185F=361; R185B=362; R186F=363; R186B=364; R187F=365; 
R187B=366; R188F=367; R188B=368; R189F=369; R189B=370; R190F=371; 
R190B=372; R191F=373; R191B=374; R192F=375; R192B=376; R193F=377; 
R193B=378; R194F=379; R194B=380; R195F=381; R195B=382; R196F=383; 
R196B=384; R197F=385; R197B=386; R198F=387; R198B=388; R199F=389; 
R199B=390; R200=391; R201F=392; R201B=393; R202F=394; R202B=395; 
R203F=396; R203B=397; R204F=398; R204B=399; R205F=400; R205B=401; 
R206F=402; R206B=403; R207F=404; R207B=405; R208F=406; R208B=407; 
R209F=408; R209B=409; R210F=410; R210B=411; R211F=412; R211B=413; 
R212=414; R213F=415; R213B=416; R214F=417; R214B=418; R215F=419; 
R215B=420; R216F=421; R216B=422; R217F=423; R217B=424; R218=425; 
R219=426; R220F=427; R220B=428; R221F=429; R221B=430; R222F=431; 
R222B=432; R223F=433; R223B=434; R224=435; R225F=436; R225B=437; 
R226F=438; R226B=439; R227F=440; R227B=441; R228F=442; R228B=443; 
R229F=444; R229B=445; R230F=446; R230B=447; R231F=448; R231B=449; 
R232=450; R233F=451; R233B=452; R234F=453; R234B=454; R235F=455; 
R235B=456; R236F=457; R236B=458; R237F=459; R237B=460; R238F=461; 
R238B=462; R239F=463; R239B=464; R240F=465; R240B=466; R241F=467; 
R241B=468; R242=469; R243F=470; R243B=471; R244=472; R245F=473; 
R245B=474; R246F=475; R246B=476; R247F=477; R247B=478; R248F=479; 
R248B=480; R249F=481; R249B=482; R250F=483; R250B=484; R251F=485; 
R251B=486; R252F=487; R252B=488; R253=489; R254F=490; R254B=491; 
R255=492; R256F=493; R256B=494; R257F=495; R257B=496; R258F=497; 
R258B=498; R259F=499; R259B=500; R260F=501; R260B=502; R261F=503; 
R261B=504; R262=505; R263F=506; R263B=507; R264=508; R265F=509; 
R265B=510; R266F=511; R266B=512; R267=513; R268F=514; R268B=515; 
R269F=516; R269B=517; R270F=518; R270B=519; R271=520; R272F=521; 
R272B=522; R273F=523; R273B=524; R274F=525; R274B=526; R275F=527; 
R275B=528; R276F=529; R276B=530; R277F=531; R277B=532; R278F=533; 
R278B=534; R279F=535; R279B=536; R280F=537; R280B=538; R281F=539; 
R281B=540; R282F=541; R282B=542; R283F=543; R283B=544; R284F=545; 
R284B=546; R285F=547; R285B=548; R286F=549; R286B=550; R287F=551; 
R287B=552; R288F=553; R288B=554; R289F=555; R289B=556; R290F=557; 
R290B=558; R291F=559; R291B=560; R292=561; R293=562; R294=563; R295=564; 
R296F=565; R296B=566; R297=567; R298F=568; R298B=569; R299F=570; 
R299B=571; R300F=572; R300B=573; R301F=574; R301B=575; R302F=576; 
R302B=577; R303F=578; R303B=579; R304=580; R305=581; R306=582; R307=583; 
R308=584; R309F=585; R309B=586; R310F=587; R310B=588; R311F=589; 
R311B=590; R312F=591; R312B=592; R313=593; R314F=594; R314B=595; 
R315F=596; R315B=597; R316=598; R317F=599; R317B=600; R318F=601; 
R318B=602; R319F=603; R319B=604; R320F=605; R320B=606; R321F=607; 
R321B=608; R322F=609; R322B=610; R323=611; R324F=612; R324B=613; 
R325F=614; R325B=615; R326F=616; R326B=617; R327F=618; R327B=619; 
R328F=620; R328B=621; R329F=622; R329B=623; R330F=624; R330B=625; 
R331F=626; R331B=627; R332F=628; R332B=629; R333F=630; R333B=631; 
R334F=632; R334B=633; R335F=634; R335B=635; R336F=636; R336B=637; 
R337F=638; R337B=639; R338F=640; R338B=641; R339F=642; R339B=643; 
R340F=644; R340B=645; R341F=646; R341B=647; R342=648; R343F=649; 
