function [W] = Compute_ReactionRates(Y_vec,RHO,TEMP,PRESSURE)


% species numbering
SC2H5O=1; SCH=2; SH2O2=3; SCH2CH2CHO=4; STXCH2=5; SC6H5OCH2=6; SCH3OH=7; 
SSXCH2=8; SHCCO=9; SC3H6O2=10; SC5H6=11; SPXC3H4=12; SC5H5CH3X1=13; 
SCH2OH=14; SIXC4H7=15; SCH2CO=16; SCH3O=17; SCH2CCHCH2CHCH2=18; 
SCH2CHO=19; SC2H6=20; SAXC3H5=21; SC3H6=22; SC2H5CO=23; SCHOCHO=24; 
SACETOL=25; SC4H3O=26; SC2H2=27; SIC5H9OH=28; SO=29; SC2H3=30; 
SCH3CHCHO=31; SC3H3=32; SC5H5=33; SC2H3CHO=34; SCH3CHCO=35; SC2H5OH=36; 
SCH3CHOH=37; SHCO=38; SCH3CHO=39; SHO2=40; SA1O=41; SC6H5OH=42; 
SIXC4H8=43; SC3H4O3=44; SC2H5=45; SCH3=46; SCH3CO2H=47; SH=48; SA1CH3=49; 
SCH2O=50; SCC4H4O=51; SCO=52; SC6H8O4=53; SO2=54; SH2O=55; SC6H6O3=56; 
SAR=57; SH2=58; SCO2=59; SC2H4=60; SC5H8=61; SC6H10O5=62; SN2=63; 
SFURFURAL=64; SCH4=65; SOH=66; SC6H5OCH3=67; SC6H6=68; SC2H5CHO=69; 
SOC8H7OOH=70; SA1X=71; SN2H2=72; SNNH=73; SNH2=74; SNH=75; SHNO=76; 
SHONO=77; SN=78; SH2NO=79; SN2O=80; SNH3=81; SNO=82; SNO2=83; SHCN=84; 
SHNC=85; SCN=86; SHNCO=87; SNCO=88; SNCN=89; SCH3NH2=90; SH2CN=91; 
SC5H5N=92; SC5H4N=93; SC5H5NO=94; SC5H4NO=95; SC5H4NO2=96; SPYRLYL=97; 
SBNC4H4CO=98; SC4H4CN=99; SCHCHCN=100; SC4H5N=101; SCH2CHCN=102; 
SC2N2=103; SHNCN=104; SHOCN=105; SCH3CN=106; SCH2CN=107; 

n_species = 107;


% reaction numbering
R1F=1; R1B=2; R2F=3; R2B=4; R3F=5; R3B=6; R4F=7; R4B=8; R5F=9; R5B=10; 
R6F=11; R6B=12; R7F=13; R7B=14; R8F=15; R8B=16; R9F=17; R9B=18; R10F=19; 
R10B=20; R11F=21; R11B=22; R12F=23; R12B=24; R13F=25; R13B=26; R14F=27; 
R14B=28; R15F=29; R15B=30; R16F=31; R16B=32; R17F=33; R17B=34; R18F=35; 
R18B=36; R19F=37; R19B=38; R20F=39; R20B=40; R21F=41; R21B=42; R22F=43; 
R22B=44; R23F=45; R23B=46; R24F=47; R24B=48; R25F=49; R25B=50; R26F=51; 
R26B=52; R27F=53; R27B=54; R28F=55; R28B=56; R29F=57; R29B=58; R30F=59; 
R30B=60; R31F=61; R31B=62; R32F=63; R32B=64; R33F=65; R33B=66; R34=67; 
R35F=68; R35B=69; R36=70; R37F=71; R37B=72; R38=73; R39F=74; R39B=75; 
R40F=76; R40B=77; R41F=78; R41B=79; R42F=80; R42B=81; R43F=82; R43B=83; 
R44F=84; R44B=85; R45F=86; R45B=87; R46F=88; R46B=89; R47F=90; R47B=91; 
R48F=92; R48B=93; R49F=94; R49B=95; R50F=96; R50B=97; R51=98; R52F=99; 
R52B=100; R53F=101; R53B=102; R54F=103; R54B=104; R55F=105; R55B=106; 
R56F=107; R56B=108; R57F=109; R57B=110; R58F=111; R58B=112; R59F=113; 
R59B=114; R60F=115; R60B=116; R61F=117; R61B=118; R62F=119; R62B=120; 
R63F=121; R63B=122; R64F=123; R64B=124; R65F=125; R65B=126; R66F=127; 
R66B=128; R67F=129; R67B=130; R68F=131; R68B=132; R69F=133; R69B=134; 
R70F=135; R70B=136; R71F=137; R71B=138; R72F=139; R72B=140; R73F=141; 
R73B=142; R74F=143; R74B=144; R75F=145; R75B=146; R76F=147; R76B=148; 
R77F=149; R77B=150; R78F=151; R78B=152; R79F=153; R79B=154; R80F=155; 
R80B=156; R81F=157; R81B=158; R82F=159; R82B=160; R83F=161; R83B=162; 
R84F=163; R84B=164; R85F=165; R85B=166; R86F=167; R86B=168; R87F=169; 
R87B=170; R88F=171; R88B=172; R89F=173; R89B=174; R90F=175; R90B=176; 
R91F=177; R91B=178; R92F=179; R92B=180; R93F=181; R93B=182; R94F=183; 
R94B=184; R95F=185; R95B=186; R96F=187; R96B=188; R97F=189; R97B=190; 
R98F=191; R98B=192; R99F=193; R99B=194; R100F=195; R100B=196; R101F=197; 
R101B=198; R102F=199; R102B=200; R103F=201; R103B=202; R104F=203; 
R104B=204; R105F=205; R105B=206; R106F=207; R106B=208; R107F=209; 
R107B=210; R108F=211; R108B=212; R109F=213; R109B=214; R110F=215; 
R110B=216; R111F=217; R111B=218; R112F=219; R112B=220; R113F=221; 
R113B=222; R114F=223; R114B=224; R115F=225; R115B=226; R116F=227; 
R116B=228; R117F=229; R117B=230; R118F=231; R118B=232; R119F=233; 
R119B=234; R120F=235; R120B=236; R121F=237; R121B=238; R122F=239; 
R122B=240; R123F=241; R123B=242; R124F=243; R124B=244; R125F=245; 
R125B=246; R126F=247; R126B=248; R127F=249; R127B=250; R128F=251; 
R128B=252; R129F=253; R129B=254; R130F=255; R130B=256; R131F=257; 
R131B=258; R132F=259; R132B=260; R133F=261; R133B=262; R134F=263; 
R134B=264; R135F=265; R135B=266; R136F=267; R136B=268; R137F=269; 
R137B=270; R138F=271; R138B=272; R139F=273; R139B=274; R140F=275; 
R140B=276; R141F=277; R141B=278; R142F=279; R142B=280; R143F=281; 
R143B=282; R144F=283; R144B=284; R145F=285; R145B=286; R146=287; 
R147F=288; R147B=289; R148F=290; R148B=291; R149F=292; R149B=293; 
R150F=294; R150B=295; R151F=296; R151B=297; R152F=298; R152B=299; 
R153F=300; R153B=301; R154F=302; R154B=303; R155F=304; R155B=305; 
R156F=306; R156B=307; R157F=308; R157B=309; R158F=310; R158B=311; 
R159F=312; R159B=313; R160F=314; R160B=315; R161F=316; R161B=317; 
R162F=318; R162B=319; R163F=320; R163B=321; R164F=322; R164B=323; 
R165F=324; R165B=325; R166F=326; R166B=327; R167F=328; R167B=329; 
R168=330; R169F=331; R169B=332; R170F=333; R170B=334; R171F=335; 
R171B=336; R172F=337; R172B=338; R173F=339; R173B=340; R174F=341; 
R174B=342; R175F=343; R175B=344; R176F=345; R176B=346; R177F=347; 
R177B=348; R178F=349; R178B=350; R179F=351; R179B=352; R180F=353; 
R180B=354; R181F=355; R181B=356; R182F=357; R182B=358; R183F=359; 
R183B=360; R184F=361; R184B=362; R185=363; R186F=364; R186B=365; 
R187=366; R188F=367; R188B=368; R189F=369; R189B=370; R190F=371; 
R190B=372; R191F=373; R191B=374; R192F=375; R192B=376; R193F=377; 
R193B=378; R194F=379; R194B=380; R195F=381; R195B=382; R196F=383; 
R196B=384; R197F=385; R197B=386; R198F=387; R198B=388; R199F=389; 
R199B=390; R200F=391; R200B=392; R201F=393; R201B=394; R202F=395; 
R202B=396; R203F=397; R203B=398; R204F=399; R204B=400; R205F=401; 
R205B=402; R206F=403; R206B=404; R207F=405; R207B=406; R208F=407; 
R208B=408; R209F=409; R209B=410; R210F=411; R210B=412; R211F=413; 
R211B=414; R212F=415; R212B=416; R213F=417; R213B=418; R214=419; 
R215F=420; R215B=421; R216F=422; R216B=423; R217F=424; R217B=425; 
R218F=426; R218B=427; R219F=428; R219B=429; R220=430; R221=431; R222=432; 
R223F=433; R223B=434; R224F=435; R224B=436; R225F=437; R225B=438; 
R226F=439; R226B=440; R227F=441; R227B=442; R228F=443; R228B=444; 
R229F=445; R229B=446; R230F=447; R230B=448; R231F=449; R231B=450; 
R232F=451; R232B=452; R233F=453; R233B=454; R234F=455; R234B=456; 
R235F=457; R235B=458; R236F=459; R236B=460; R237=461; R238F=462; 
R238B=463; R239F=464; R239B=465; R240F=466; R240B=467; R241F=468; 
R241B=469; R242F=470; R242B=471; R243F=472; R243B=473; R244F=474; 
R244B=475; R245F=476; R245B=477; R246F=478; R246B=479; R247F=480; 
R247B=481; R248=482; R249F=483; R249B=484; R250=485; R251=486; R252=487; 
R253F=488; R253B=489; R254=490; R255F=491; R255B=492; R256F=493; 
R256B=494; R257F=495; R257B=496; R258F=497; R258B=498; R259F=499; 
R259B=500; R260F=501; R260B=502; R261F=503; R261B=504; R262F=505; 
R262B=506; R263F=507; R263B=508; R264F=509; R264B=510; R265F=511; 
R265B=512; R266F=513; R266B=514; R267F=515; R267B=516; R268F=517; 
R268B=518; R269F=519; R269B=520; R270F=521; R270B=522; R271F=523; 
R271B=524; R272F=525; R272B=526; R273F=527; R273B=528; R274=529; 
R275F=530; R275B=531; R276F=532; R276B=533; R277=534; R278=535; R279=536; 
R280=537; R281=538; R282=539; R283=540; R284F=541; R284B=542; R285=543; 
R286=544; R287=545; R288=546; R289F=547; R289B=548; R290=549; R291=550; 
R292=551; R293=552; R294=553; R295=554; R296=555; R297=556; R298=557; 
R299=558; R300=559; R301=560; R302=561; R303F=562; R303B=563; R304F=564; 
R304B=565; R305F=566; R305B=567; R306F=568; R306B=569; R307F=570; 
R307B=571; R308=572; R309F=573; R309B=574; R310F=575; R310B=576; 
R311=577; R312F=578; R312B=579; R313F=580; R313B=581; R314F=582; 
R314B=583; R315=584; R316F=585; R316B=586; R317F=587; R317B=588; 
R318F=589; R318B=590; R319F=591; R319B=592; R320F=593; R320B=594; 
R321=595; R322F=596; R322B=597; R323F=598; R323B=599; R324F=600; 
R324B=601; R325F=602; R325B=603; R326F=604; R326B=605; R327F=606; 
R327B=607; R328F=608; R328B=609; R329F=610; R329B=611; R330=612; 
R331F=613; R331B=614; R332F=615; R332B=616; R333F=617; R333B=618; 
R334=619; R335F=620; R335B=621; R336=622; R337F=623; R337B=624; 
R338F=625; R338B=626; R339=627; R340=628; R341=629; R342F=630; R342B=631; 
