                  N2	                   H	                  O2	                   O	                  OH	                  H2	                 H2O	                  AR	                  HE	                 HO2	                H2O2	                  CO	                 CO2	                 HCO	                   C	                  CH	               TXCH2	                 CH3	                CH2O	                HCCO	                 C2H	               CH2CO	                C2H2	               SXCH2	               CH3OH	               CH2OH	                CH3O	                 CH4	               CH3O2	                C2H3	                C2H4	                C2H5	               HCCOH	              CH2CHO	              CH3CHO	                H2C2	               C2H5O	              NXC3H7	                C2H6	                C3H8	                C3H6	                C3H3	              PXC3H4	              AXC3H4	              SXC3H5	              NXC4H3	             C2H3CHO	              AXC3H5	                 C2O	                C4H4	                C3H2	               C3H2O	                C4H2	              IXC4H3	              TXC3H5	               C3H5O	                 C4H	                C8H2	                C6H2	                C4H6	              NXC4H5	              IXC4H5	             A1XC6H6	             C5H4CH2	            A1XXC6H5	              A1C2H2	              A1C2H3	               A1C2H	              A1C2HY	             A1C2H3Y	                C5H6	                C5H5	             TXC5H5O	               C5H4O	             SXC5H5O	                C9H8	                C9H7	               A1CH2	               C9H6O	              OXC6H4	               A1CH3	                A1OH	             HOA1CH3	              OA1CH3	              A1CH2O	             A1CH2OH	               A1CHO	           A1OXC6H5O	              A1CH3Y	              A1C2H4	              A1C2H5	              C8H9O2	             C8H8OOH	            OC8H7OOH	            A1CH3CH3	            A1CH3CH2	            A1CH3CHO	            A1CHOCH2	            A1CHOCHO	              OC6H4O
      3.83687571E-04	      2.37431738E-03	      3.88874044E-04	      5.81473052E-04	      5.70399675E-04	      1.28371099E-03	      5.86787895E-04	      3.84140345E-04	      1.04832864E-03	      3.86092098E-04	      3.83456604E-04	      3.80667011E-04	      3.33870019E-04	      3.83651755E-04	      5.42643250E-04	      6.22422845E-04	      4.47352983E-04	      4.37244537E-04	      3.80475058E-04	      4.92686196E-04	      3.47499436E-04	      3.18781983E-04	      3.43927966E-04	      4.47352983E-04	      3.70939719E-04	      3.67224788E-04	      3.67224788E-04	      4.34511507E-04	      3.42250598E-04	      3.40589366E-04	      3.49026566E-04	      3.17683486E-04	      3.18781983E-04	      3.17285558E-04	      3.15851005E-04	      3.43927966E-04	      2.80959809E-04	      2.46981807E-04	      3.15058647E-04	      2.45866847E-04	      2.48144811E-04	      2.65480383E-04	      2.64081472E-04	      2.64081472E-04	      2.49359072E-04	      2.28613899E-04	      2.36768358E-04	      2.49359072E-04	      3.34370101E-04	      2.27828564E-04	      3.14533693E-04	      2.49624925E-04	      2.29428011E-04	      2.28613899E-04	      2.49359072E-04	      2.43852549E-04	      2.30272526E-04	      1.86500470E-04	      2.15665827E-04	      2.26338278E-04	      2.27070493E-04	      2.27070493E-04	      2.08878682E-04	      2.08878682E-04	      2.09238874E-04	      1.73351772E-04	      1.73172452E-04	      1.84093886E-04	      1.84291324E-04	      1.73351772E-04	      2.18215862E-04	      2.18718318E-04	      2.17018036E-04	      2.17368501E-04	      1.85179287E-04	      1.65030944E-04	      1.65171272E-04	      1.88078462E-04	      1.63298620E-04	      2.09607965E-04	      1.87836349E-04	      1.78068186E-04	      1.84567213E-04	      1.84745828E-04	      1.84745828E-04	      1.84567213E-04	      1.84927659E-04	      1.78289215E-04	      1.88078462E-04	      1.72996389E-04	      1.72823495E-04	      1.68696661E-04	      1.68696661E-04	      1.67280739E-04	      1.72823495E-04	      1.72996389E-04	      1.70710270E-04	      1.70846791E-04	      1.69018958E-04	      2.01084372E-04
      2.37431738E-03	      6.31147489E-03	      2.51148349E-03	      3.35712670E-03	      3.35122558E-03	      3.71977290E-03	      3.55767224E-03	      2.62440145E-03	      3.92260413E-03	      2.51031214E-03	      2.50920972E-03	      2.35023368E-03	      2.24543425E-03	      2.39905590E-03	      2.73087239E-03	      3.37983799E-03	      2.26956276E-03	      2.26445568E-03	      2.39770365E-03	      3.66801666E-03	      2.02305365E-03	      2.09476935E-03	      2.02153691E-03	      2.26956276E-03	      2.36496504E-03	      2.31366629E-03	      2.31366629E-03	      2.30228856E-03	      2.35344137E-03	      2.02013221E-03	      2.10626111E-03	      1.89132891E-03	      2.09476935E-03	      2.09419489E-03	      2.09364657E-03	      2.02153691E-03	      1.81770174E-03	      1.53478487E-03	      1.89026582E-03	      1.53438379E-03	      1.53520506E-03	      1.63841118E-03	      1.63789248E-03	      1.63789248E-03	      1.53564575E-03	      1.44927798E-03	      1.54122140E-03	      1.53564575E-03	      2.19849783E-03	      1.44900641E-03	      2.00960916E-03	      1.63268353E-03	      1.44956043E-03	      1.44927798E-03	      1.53564575E-03	      1.60351117E-03	      1.44985443E-03	      1.26195692E-03	      1.44491373E-03	      1.44849351E-03	      1.44874511E-03	      1.44874511E-03	      1.40144435E-03	      1.40144435E-03	      1.40156106E-03	      1.16333233E-03	      1.16327784E-03	      1.24874644E-03	      1.24880727E-03	      1.16333233E-03	      1.43811653E-03	      1.43828379E-03	      1.47657030E-03	      1.47668439E-03	      1.21875595E-03	      1.11239802E-03	      1.11243991E-03	      1.26244770E-03	      1.11188370E-03	      1.40168086E-03	      1.26237214E-03	      1.18735463E-03	      1.26136102E-03	      1.26141583E-03	      1.26141583E-03	      1.26136102E-03	      1.26147167E-03	      1.18742274E-03	      1.26244770E-03	      1.16322439E-03	      1.16317195E-03	      1.16193519E-03	      1.16193519E-03	      1.16151744E-03	      1.16317195E-03	      1.16322439E-03	      1.16253507E-03	      1.16257599E-03	      1.16203075E-03	      1.39896566E-03
      3.88874044E-04	      2.51148349E-03	      3.93680478E-04	      5.98406169E-04	      5.86465273E-04	      1.34451663E-03	      6.03516303E-04	      3.87808234E-04	      1.09710828E-03	      3.90663358E-04	      3.87803624E-04	      3.85744082E-04	      3.35586006E-04	      3.88689050E-04	      5.58423582E-04	      6.42475246E-04	      4.57867294E-04	      4.47068023E-04	      3.85252271E-04	      5.00428901E-04	      3.51848799E-04	      3.20262318E-04	      3.48005959E-04	      4.57867294E-04	      3.75106320E-04	      3.71396938E-04	      3.71396938E-04	      4.43989527E-04	      3.43940066E-04	      3.44411384E-04	      3.52988013E-04	      3.20513261E-04	      3.20262318E-04	      3.18637391E-04	      3.17079062E-04	      3.48005959E-04	      2.81273655E-04	      2.46754655E-04	      3.17685222E-04	      2.45549705E-04	      2.48011054E-04	      2.65930458E-04	      2.64419463E-04	      2.64419463E-04	      2.49322320E-04	      2.27594339E-04	      2.35606559E-04	      2.49322320E-04	      3.36471693E-04	      2.26744109E-04	      3.16273092E-04	      2.48765495E-04	      2.28475455E-04	      2.27594339E-04	      2.49322320E-04	      2.42744723E-04	      2.29389192E-04	      1.83629675E-04	      2.13541484E-04	      2.25129963E-04	      2.25923150E-04	      2.25923150E-04	      2.06577483E-04	      2.06577483E-04	      2.06969566E-04	      1.70380787E-04	      1.70185423E-04	      1.81146545E-04	      1.81361821E-04	      1.70380787E-04	      2.16391205E-04	      2.16937086E-04	      2.14695400E-04	      2.15077395E-04	      1.82666357E-04	      1.61884256E-04	      1.62037230E-04	      1.85349012E-04	      1.59994609E-04	      2.07371266E-04	      1.85085312E-04	      1.75257431E-04	      1.81521123E-04	      1.81716034E-04	      1.81716034E-04	      1.81521123E-04	      1.81914432E-04	      1.75498015E-04	      1.85349012E-04	      1.69993586E-04	      1.69805182E-04	      1.65301855E-04	      1.65301855E-04	      1.63753881E-04	      1.69805182E-04	      1.69993586E-04	      1.67500691E-04	      1.67649664E-04	      1.65653999E-04	      1.98075697E-04
      5.81473052E-04	      3.35712670E-03	      5.98406169E-04	      8.80325876E-04	      8.67184390E-04	      1.75094157E-03	      9.02292471E-04	      6.02825275E-04	      1.48435072E-03	      5.95352685E-04	      5.92465804E-04	      5.76252776E-04	      5.18355632E-04	      5.83491714E-04	      7.86167949E-04	      9.29373049E-04	      6.42174523E-04	      6.30598384E-04	      5.80000288E-04	      8.05451026E-04	      5.13806751E-04	      4.89951788E-04	      5.09913213E-04	      6.42174523E-04	      5.67163095E-04	      5.58945152E-04	      5.58945152E-04	      6.30655762E-04	      5.36214691E-04	      5.06283243E-04	      5.22380502E-04	      4.71494933E-04	      4.89951788E-04	      4.88367638E-04	      4.86851178E-04	      5.09913213E-04	      4.27573332E-04	      3.68845394E-04	      4.68680247E-04	      3.67701978E-04	      3.70039802E-04	      3.96401832E-04	      3.94949852E-04	      3.94949852E-04	      3.71288709E-04	      3.43158519E-04	      3.59326543E-04	      3.71288709E-04	      5.14871818E-04	      3.42365189E-04	      4.78299561E-04	      3.80087744E-04	      3.43981859E-04	      3.43158519E-04	      3.71288709E-04	      3.71815686E-04	      3.44836951E-04	      2.85764489E-04	      3.30197103E-04	      3.40862203E-04	      3.41600251E-04	      3.41600251E-04	      3.19747579E-04	      3.19747579E-04	      3.20102748E-04	      2.64334657E-04	      2.64162800E-04	      2.82287105E-04	      2.82477610E-04	      2.64334657E-04	      3.32041006E-04	      3.32541695E-04	      3.34362940E-04	      3.34709545E-04	      2.80540654E-04	      2.51868585E-04	      2.52002023E-04	      2.87292964E-04	      2.50224855E-04	      3.20466918E-04	      2.87058143E-04	      2.70964140E-04	      2.83898397E-04	      2.84070503E-04	      2.84070503E-04	      2.83898397E-04	      2.84245772E-04	      2.71177210E-04	      2.87292964E-04	      2.63994129E-04	      2.63828556E-04	      2.59895049E-04	      2.59895049E-04	      2.58553854E-04	      2.63828556E-04	      2.63994129E-04	      2.61809832E-04	      2.61939965E-04	      2.60200944E-04	      3.12116600E-04
      5.70399675E-04	      3.35122558E-03	      5.86465273E-04	      8.67184390E-04	      8.53840666E-04	      1.74512586E-03	      8.88018374E-04	      5.89932440E-04	      1.47552731E-03	      5.83349289E-04	      5.80402707E-04	      5.65280251E-04	      5.06965447E-04	      5.72237848E-04	      7.76114658E-04	      9.16934776E-04	      6.33222849E-04	      6.21479992E-04	      5.68677333E-04	      7.88092460E-04	      5.04433234E-04	      4.79320346E-04	      5.00466778E-04	      6.33222849E-04	      5.55840641E-04	      5.47907371E-04	      5.47907371E-04	      6.21228913E-04	      5.24224224E-04	      4.96767786E-04	      5.12428297E-04	      4.62396442E-04	      4.79320346E-04	      4.77700941E-04	      4.76150511E-04	      5.00466778E-04	      4.18118568E-04	      3.60787094E-04	      4.59526028E-04	      3.59618057E-04	      3.62008090E-04	      3.87979586E-04	      3.86495966E-04	      3.86495966E-04	      3.63284610E-04	      3.35326350E-04	      3.50945004E-04	      3.63284610E-04	      5.03854343E-04	      3.34514446E-04	      4.68215742E-04	      3.71295623E-04	      3.36168872E-04	      3.35326350E-04	      3.63284610E-04	      3.63108274E-04	      3.37043787E-04	      2.78388715E-04	      3.22049870E-04	      3.32976025E-04	      3.33731514E-04	      3.33731514E-04	      3.11784233E-04	      3.11784233E-04	      3.12148464E-04	      2.57464296E-04	      2.57287850E-04	      2.74959981E-04	      2.75155559E-04	      2.57464296E-04	      3.24022367E-04	      3.24535427E-04	      3.25982533E-04	      3.26338038E-04	      2.73509238E-04	      2.45220836E-04	      2.45357889E-04	      2.79957462E-04	      2.43532241E-04	      3.12521903E-04	      2.79716482E-04	      2.64012232E-04	      2.76472843E-04	      2.76649569E-04	      2.76649569E-04	      2.76472843E-04	      2.76829536E-04	      2.64230909E-04	      2.79957462E-04	      2.57114668E-04	      2.56944662E-04	      2.52904111E-04	      2.52904111E-04	      2.51525641E-04	      2.56944662E-04	      2.57114668E-04	      2.54871421E-04	      2.55005094E-04	      2.53218451E-04	      3.03953394E-04
      1.28371099E-03	      3.71977290E-03	      1.34451663E-03	      1.75094157E-03	      1.74512586E-03	      2.19967176E-03	      1.83247045E-03	      1.39187252E-03	      2.15376863E-03	      1.34329938E-03	      1.34215326E-03	      1.27241864E-03	      1.21465121E-03	      1.29446925E-03	      1.48273164E-03	      1.77324032E-03	      1.25629713E-03	      1.25099320E-03	      1.29305699E-03	      1.84963545E-03	      1.11896562E-03	      1.14393739E-03	      1.11734975E-03	      1.25629713E-03	      1.27633987E-03	      1.25294645E-03	      1.25294645E-03	      1.26661179E-03	      1.26424173E-03	      1.11585225E-03	      1.15657668E-03	      1.05176414E-03	      1.14393739E-03	      1.14332425E-03	      1.14273886E-03	      1.11734975E-03	      1.00917111E-03	      8.69209246E-04	      1.05061982E-03	      8.68765043E-04	      8.69674487E-04	      9.22307471E-04	      9.21737735E-04	      9.21737735E-04	      8.70162298E-04	      8.24340391E-04	      8.69977771E-04	      8.70162298E-04	      1.19396220E-03	      8.24037300E-04	      1.10460286E-03	      9.16006702E-04	      8.24655570E-04	      8.24340391E-04	      8.70162298E-04	      9.01000462E-04	      8.24983576E-04	      7.24584589E-04	      8.19462863E-04	      8.23464706E-04	      8.23745616E-04	      8.23745616E-04	      7.97105516E-04	      7.97105516E-04	      7.97236610E-04	      6.73197500E-04	      6.73135035E-04	      7.17605576E-04	      7.17674810E-04	      6.73197500E-04	      8.16733841E-04	      8.16920996E-04	      8.34934447E-04	      8.35061907E-04	      7.03037111E-04	      6.46133598E-04	      6.46181845E-04	      7.25142400E-04	      6.45541079E-04	      7.97371155E-04	      7.25056537E-04	      6.86067255E-04	      7.23907024E-04	      7.23969355E-04	      7.23969355E-04	      7.23907024E-04	      7.24032865E-04	      6.86145145E-04	      7.25142400E-04	      6.73073763E-04	      6.73013649E-04	      6.71595052E-04	      6.71595052E-04	      6.71115552E-04	      6.73013649E-04	      6.73073763E-04	      6.72283320E-04	      6.72330254E-04	      6.71704714E-04	      7.94318949E-04
      5.86787895E-04	      3.55767224E-03	      6.03516303E-04	      9.02292471E-04	      8.88018374E-04	      1.83247045E-03	      9.24536805E-04	      6.06840923E-04	      1.55094602E-03	      6.00187799E-04	      5.97039624E-04	      5.81400081E-04	      5.19505018E-04	      5.88673182E-04	      8.05223282E-04	      9.55459862E-04	      6.53791509E-04	      6.41349624E-04	      5.84876041E-04	      8.16847291E-04	      5.17642978E-04	      4.90621059E-04	      5.13431811E-04	      6.53791509E-04	      5.71276146E-04	      5.62981097E-04	      5.62981097E-04	      6.41033524E-04	      5.37510366E-04	      5.09503556E-04	      5.25870500E-04	      4.73432114E-04	      4.90621059E-04	      4.88894586E-04	      4.87241419E-04	      5.13431811E-04	      4.26644136E-04	      3.67116674E-04	      4.70385326E-04	      3.65877330E-04	      3.68410922E-04	      3.95467070E-04	      3.93893364E-04	      3.93893364E-04	      3.69763832E-04	      3.40554143E-04	      3.56620893E-04	      3.69763832E-04	      5.16378016E-04	      3.39693412E-04	      4.79144912E-04	      3.77755267E-04	      3.41447238E-04	      3.40554143E-04	      3.69763832E-04	      3.69204755E-04	      3.42374566E-04	      2.81262953E-04	      3.26467242E-04	      3.38062219E-04	      3.38863308E-04	      3.38863308E-04	      3.15826483E-04	      3.15826483E-04	      3.16213193E-04	      2.59742524E-04	      2.59555532E-04	      2.77712098E-04	      2.77919581E-04	      2.59742524E-04	      3.28608522E-04	      3.29153057E-04	      3.30449951E-04	      3.30827794E-04	      2.76382893E-04	      2.47122191E-04	      2.47267392E-04	      2.82927022E-04	      2.45332875E-04	      3.16609657E-04	      2.82671430E-04	      2.66521284E-04	      2.79230029E-04	      2.79417581E-04	      2.79417581E-04	      2.79230029E-04	      2.79608568E-04	      2.66753015E-04	      2.82927022E-04	      2.59371994E-04	      2.59191815E-04	      2.54907676E-04	      2.54907676E-04	      2.53445292E-04	      2.59191815E-04	      2.59371994E-04	      2.56994023E-04	      2.57135755E-04	      2.55241092E-04	      3.07506944E-04
      3.84140345E-04	      2.62440145E-03	      3.87808234E-04	      6.02825275E-04	      5.89932440E-04	      1.39187252E-03	      6.06840923E-04	      3.79955608E-04	      1.13244990E-03	      3.84506383E-04	      3.81374126E-04	      3.80994946E-04	      3.27161174E-04	      3.83652393E-04	      5.64229812E-04	      6.50257868E-04	      4.59846245E-04	      4.48291241E-04	      3.79903890E-04	      4.92569137E-04	      3.47818041E-04	      3.12301780E-04	      3.43653586E-04	      4.59846245E-04	      3.69167492E-04	      3.65718840E-04	      3.65718840E-04	      4.44648313E-04	      3.34931435E-04	      3.39754095E-04	      3.48076068E-04	      3.15276435E-04	      3.12301780E-04	      3.10514870E-04	      3.08800096E-04	      3.43653586E-04	      2.73223911E-04	      2.39450166E-04	      3.12202210E-04	      2.38129769E-04	      2.40826056E-04	      2.58973638E-04	      2.57320922E-04	      2.57320922E-04	      2.42261085E-04	      2.19684347E-04	      2.27033935E-04	      2.42261085E-04	      3.28777816E-04	      2.18749054E-04	      3.09075647E-04	      2.40125103E-04	      2.20653100E-04	      2.19684347E-04	      2.42261085E-04	      2.33923215E-04	      2.21657174E-04	      1.74140528E-04	      2.04158081E-04	      2.16972060E-04	      2.17845496E-04	      2.17845496E-04	      1.97173280E-04	      1.97173280E-04	      1.97608944E-04	      1.61247662E-04	      1.61029647E-04	      1.71615736E-04	      1.71856074E-04	      1.61247662E-04	      2.07453728E-04	      2.08057964E-04	      2.04874728E-04	      2.05299843E-04	      1.73900708E-04	      1.52753945E-04	      1.52924953E-04	      1.76057228E-04	      1.50639028E-04	      1.98055154E-04	      1.75763460E-04	      1.66231265E-04	      1.71785593E-04	      1.72003485E-04	      1.72003485E-04	      1.71785593E-04	      1.72225232E-04	      1.66499214E-04	      1.76057228E-04	      1.60815524E-04	      1.60605190E-04	      1.55564766E-04	      1.55564766E-04	      1.53826180E-04	      1.60605190E-04	      1.60815524E-04	      1.58029004E-04	      1.58195737E-04	      1.55959831E-04	      1.87691476E-04
      1.04832864E-03	      3.92260413E-03	      1.09710828E-03	      1.48435072E-03	      1.47552731E-03	      2.15376863E-03	      1.55094602E-03	      1.13244990E-03	      2.00653682E-03	      1.09524539E-03	      1.09349001E-03	      1.03860855E-03	      9.78886884E-04	      1.05661908E-03	      1.26020188E-03	      1.51797160E-03	      1.05019511E-03	      1.04235340E-03	      1.05446826E-03	      1.53123474E-03	      9.10011064E-04	      9.19750307E-04	      9.07580393E-04	      1.05019511E-03	      1.03840066E-03	      1.01912874E-03	      1.01912874E-03	      1.05321281E-03	      1.01986848E-03	      9.05325102E-04	      9.39171304E-04	      8.49108368E-04	      9.19750307E-04	      9.18814101E-04	      9.17919850E-04	      9.07580393E-04	      8.05183488E-04	      6.89204144E-04	      8.47384567E-04	      6.88534601E-04	      6.89905067E-04	      7.34749318E-04	      7.33890032E-04	      7.33890032E-04	      6.90639633E-04	      6.50106796E-04	      6.86749282E-04	      6.90639633E-04	      9.63091777E-04	      6.49649544E-04	      8.88298706E-04	      7.25219661E-04	      6.50582123E-04	      6.50106796E-04	      6.90639633E-04	      7.12196874E-04	      6.51076619E-04	      5.63667753E-04	      6.42729539E-04	      6.48785289E-04	      6.49209354E-04	      6.49209354E-04	      6.24052228E-04	      6.24052228E-04	      6.24250931E-04	      5.21887472E-04	      5.21793167E-04	      5.57813389E-04	      5.57918167E-04	      5.21887472E-04	      6.41401535E-04	      6.41684873E-04	      6.54740980E-04	      6.54934659E-04	      5.47261122E-04	      4.99602232E-04	      4.99675026E-04	      5.64511690E-04	      4.98707831E-04	      6.24454831E-04	      5.64381825E-04	      5.32713590E-04	      5.62641807E-04	      5.62736224E-04	      5.62736224E-04	      5.62641807E-04	      5.62832420E-04	      5.32831156E-04	      5.64511690E-04	      5.21700653E-04	      5.21609879E-04	      5.19465543E-04	      5.19465543E-04	      5.18739758E-04	      5.21609879E-04	      5.21700653E-04	      5.20506460E-04	      5.20577404E-04	      5.19631461E-04	      6.19821295E-04
      3.86092098E-04	      2.51031214E-03	      3.90663358E-04	      5.95352685E-04	      5.83349289E-04	      1.34329938E-03	      6.00187799E-04	      3.84506383E-04	      1.09524539E-03	      3.87622755E-04	      3.84740421E-04	      3.82985054E-04	      3.32605923E-04	      3.85856298E-04	      5.56091872E-04	      6.39632174E-04	      4.55731814E-04	      4.44880708E-04	      3.82394060E-04	      4.96117489E-04	      3.49483054E-04	      3.17473690E-04	      3.45613911E-04	      4.55731814E-04	      3.72229657E-04	      3.68594383E-04	      3.68594383E-04	      4.41720013E-04	      3.40800433E-04	      3.41994195E-04	      3.50461248E-04	      3.18175594E-04	      3.17473690E-04	      3.15834416E-04	      3.14262189E-04	      3.45613911E-04	      2.78751020E-04	      2.44583108E-04	      3.15326590E-04	      2.43367407E-04	      2.45850605E-04	      2.63689208E-04	      2.62165296E-04	      2.62165296E-04	      2.47173333E-04	      2.25447856E-04	      2.33305090E-04	      2.47173333E-04	      3.33604624E-04	      2.24589499E-04	      3.13639118E-04	      2.46368142E-04	      2.26337328E-04	      2.25447856E-04	      2.47173333E-04	      2.40358133E-04	      2.27259661E-04	      1.81503184E-04	      2.11252261E-04	      2.22959755E-04	      2.23760636E-04	      2.23760636E-04	      2.04327691E-04	      2.04327691E-04	      2.04724083E-04	      1.68383575E-04	      1.68185891E-04	      1.79028117E-04	      1.79245938E-04	      1.68383575E-04	      2.14153357E-04	      2.14704928E-04	      2.12331797E-04	      2.12718037E-04	      1.80655365E-04	      1.59934591E-04	      1.60089428E-04	      1.83242475E-04	      1.58021632E-04	      2.05130180E-04	      1.82975739E-04	      1.73248952E-04	      1.79369636E-04	      1.79566882E-04	      1.79566882E-04	      1.79369636E-04	      1.79767653E-04	      1.73492321E-04	      1.83242475E-04	      1.67991771E-04	      1.67801119E-04	      1.63242517E-04	      1.63242517E-04	      1.61674827E-04	      1.67801119E-04	      1.67991771E-04	      1.65468720E-04	      1.65619521E-04	      1.63599094E-04	      1.95728207E-04
      3.83456604E-04	      2.50920972E-03	      3.87803624E-04	      5.92465804E-04	      5.80402707E-04	      1.34215326E-03	      5.97039624E-04	      3.81374126E-04	      1.09349001E-03	      3.84740421E-04	      3.81836330E-04	      3.80371276E-04	      3.29777876E-04	      3.83172315E-04	      5.53889395E-04	      6.36946017E-04	      4.53713721E-04	      4.42813165E-04	      3.79685604E-04	      4.92027113E-04	      3.47242805E-04	      3.14827787E-04	      3.43348417E-04	      4.53713721E-04	      3.69503040E-04	      3.65938332E-04	      3.65938332E-04	      4.39574308E-04	      3.37820240E-04	      3.39704563E-04	      3.48067491E-04	      3.15960683E-04	      3.14827787E-04	      3.13174664E-04	      3.11589016E-04	      3.43348417E-04	      2.76356872E-04	      2.42522512E-04	      3.13091524E-04	      2.41296429E-04	      2.43800722E-04	      2.61563258E-04	      2.60026886E-04	      2.60026886E-04	      2.45134512E-04	      2.23409761E-04	      2.31119101E-04	      2.45134512E-04	      3.30884799E-04	      2.22543544E-04	      3.11140896E-04	      2.44091378E-04	      2.24307316E-04	      2.23409761E-04	      2.45134512E-04	      2.38091151E-04	      2.25237962E-04	      1.79479725E-04	      2.09075832E-04	      2.20898706E-04	      2.21707032E-04	      2.21707032E-04	      2.02188385E-04	      2.02188385E-04	      2.02588963E-04	      1.66482861E-04	      1.66282917E-04	      1.77012099E-04	      1.77232397E-04	      1.66482861E-04	      2.12026578E-04	      2.12583667E-04	      2.10084004E-04	      2.10474368E-04	      1.78742906E-04	      1.58078527E-04	      1.58235180E-04	      1.81238435E-04	      1.56142830E-04	      2.02999331E-04	      1.80968745E-04	      1.71338016E-04	      1.77321832E-04	      1.77521353E-04	      1.77521353E-04	      1.77321832E-04	      1.77724435E-04	      1.71584096E-04	      1.81238435E-04	      1.66086573E-04	      1.65893731E-04	      1.61281226E-04	      1.61281226E-04	      1.59694283E-04	      1.65893731E-04	      1.66086573E-04	      1.63534131E-04	      1.63686713E-04	      1.61642129E-04	      1.93493846E-04
      3.80667011E-04	      2.35023368E-03	      3.85744082E-04	      5.76252776E-04	      5.65280251E-04	      1.27241864E-03	      5.81400081E-04	      3.80994946E-04	      1.03860855E-03	      3.82985054E-04	      3.80371276E-04	      3.77682240E-04	      3.31299026E-04	      3.80619019E-04	      5.38151685E-04	      6.16829843E-04	      4.43903444E-04	      4.33874153E-04	      3.77468008E-04	      4.88102443E-04	      3.44932707E-04	      3.16394060E-04	      3.41388217E-04	      4.43903444E-04	      3.68023740E-04	      3.64362920E-04	      3.64362920E-04	      4.31138732E-04	      3.39565794E-04	      3.38074844E-04	      3.46406267E-04	      3.15399263E-04	      3.16394060E-04	      3.14909163E-04	      3.13485663E-04	      3.41388217E-04	      2.78972351E-04	      2.45351613E-04	      3.12793773E-04	      2.44244252E-04	      2.46506691E-04	      2.63680042E-04	      2.62290908E-04	      2.62290908E-04	      2.47712679E-04	      2.27140887E-04	      2.35203708E-04	      2.47712679E-04	      3.31816561E-04	      2.26360792E-04	      3.12216258E-04	      2.47935484E-04	      2.27949567E-04	      2.27140887E-04	      2.47712679E-04	      2.42214573E-04	      2.28788449E-04	      1.85368623E-04	      2.14279296E-04	      2.24880452E-04	      2.25607780E-04	      2.25607780E-04	      2.07553001E-04	      2.07553001E-04	      2.07910813E-04	      1.72335616E-04	      1.72157397E-04	      1.82981741E-04	      1.83177931E-04	      1.72335616E-04	      2.16815266E-04	      2.17314372E-04	      2.15610499E-04	      2.15958599E-04	      1.84071289E-04	      1.64082240E-04	      1.64221721E-04	      1.86936605E-04	      1.62360372E-04	      2.08277466E-04	      1.86696028E-04	      1.77014963E-04	      1.83447635E-04	      1.83625116E-04	      1.83625116E-04	      1.83447635E-04	      1.83805793E-04	      1.77234625E-04	      1.86936605E-04	      1.71982416E-04	      1.71810584E-04	      1.67709110E-04	      1.67709110E-04	      1.66301895E-04	      1.71810584E-04	      1.71982416E-04	      1.69710341E-04	      1.69846023E-04	      1.68029425E-04	      1.99810233E-04
      3.33870019E-04	      2.24543425E-03	      3.35586006E-04	      5.18355632E-04	      5.06965447E-04	      1.21465121E-03	      5.19505018E-04	      3.27161174E-04	      9.78886884E-04	      3.32605923E-04	      3.29777876E-04	      3.31299026E-04	      2.83481502E-04	      3.33134790E-04	      4.91819542E-04	      5.60206233E-04	      4.03767886E-04	      3.93369395E-04	      3.29747686E-04	      4.16715522E-04	      3.04994939E-04	      2.71641917E-04	      3.01207751E-04	      4.03767886E-04	      3.20377741E-04	      3.17844736E-04	      3.17844736E-04	      3.89590564E-04	      2.89325379E-04	      2.97659952E-04	      3.04229316E-04	      2.76790488E-04	      2.71641917E-04	      2.70010212E-04	      2.68443933E-04	      3.01207751E-04	      2.38971049E-04	      2.11081195E-04	      2.73981832E-04	      2.09858514E-04	      2.12354903E-04	      2.27943304E-04	      2.26418837E-04	      2.26418837E-04	      2.13682973E-04	      1.93706932E-04	      1.99447033E-04	      2.13682973E-04	      2.85508349E-04	      1.92837096E-04	      2.69688405E-04	      2.10527332E-04	      1.94607674E-04	      1.93706932E-04	      2.13682973E-04	      2.05110839E-04	      1.95541031E-04	      1.53249383E-04	      1.79238846E-04	      1.91183897E-04	      1.91996578E-04	      1.91996578E-04	      1.73218869E-04	      1.73218869E-04	      1.73626467E-04	      1.42278955E-04	      1.42072866E-04	      1.51027426E-04	      1.51253949E-04	      1.42278955E-04	      1.82409159E-04	      1.82972829E-04	      1.79523647E-04	      1.79920684E-04	      1.53560736E-04	      1.34855494E-04	      1.35017592E-04	      1.55053849E-04	      1.32849663E-04	      1.74043871E-04	      1.54777371E-04	      1.46700016E-04	      1.51030429E-04	      1.51235830E-04	      1.51235830E-04	      1.51030429E-04	      1.51444846E-04	      1.46952851E-04	      1.55053849E-04	      1.41870437E-04	      1.41671572E-04	      1.36900192E-04	      1.36900192E-04	      1.35251704E-04	      1.41671572E-04	      1.41870437E-04	      1.39234311E-04	      1.39392140E-04	      1.37274585E-04	      1.64332628E-04
      3.83651755E-04	      2.39905590E-03	      3.88689050E-04	      5.83491714E-04	      5.72237848E-04	      1.29446925E-03	      5.88673182E-04	      3.83652393E-04	      1.05661908E-03	      3.85856298E-04	      3.83172315E-04	      3.80619019E-04	      3.33134790E-04	      3.83571394E-04	      5.44706421E-04	      6.25086536E-04	      4.48518767E-04	      4.38264978E-04	      3.80338561E-04	      4.92602955E-04	      3.47453049E-04	      3.18068078E-04	      3.43822845E-04	      4.48518767E-04	      3.70685540E-04	      3.66996737E-04	      3.66996737E-04	      4.35439472E-04	      3.41457310E-04	      3.40428767E-04	      3.48853952E-04	      3.17368610E-04	      3.18068078E-04	      3.16543467E-04	      3.15081750E-04	      3.43822845E-04	      2.80123251E-04	      2.46165603E-04	      3.14699442E-04	      2.45030621E-04	      2.47349374E-04	      2.64763824E-04	      2.63340104E-04	      2.63340104E-04	      2.48585195E-04	      2.27662214E-04	      2.35738503E-04	      2.48585195E-04	      3.33742875E-04	      2.26862355E-04	      3.13919032E-04	      2.48617556E-04	      2.28491316E-04	      2.27662214E-04	      2.48585195E-04	      2.42803802E-04	      2.29351311E-04	      1.85221619E-04	      2.14466196E-04	      2.25344334E-04	      2.26090205E-04	      2.26090205E-04	      2.07660481E-04	      2.07660481E-04	      2.08027864E-04	      1.72098824E-04	      1.71915849E-04	      1.82804066E-04	      1.83005555E-04	      1.72098824E-04	      2.17087582E-04	      2.17599798E-04	      2.15757716E-04	      2.16115278E-04	      1.84003736E-04	      1.63762824E-04	      1.63906040E-04	      1.86831682E-04	      1.61994555E-04	      2.08404306E-04	      1.86584672E-04	      1.76840071E-04	      1.83248561E-04	      1.83430877E-04	      1.83430877E-04	      1.83248561E-04	      1.83616471E-04	      1.77065548E-04	      1.86831682E-04	      1.71736192E-04	      1.71559764E-04	      1.67347075E-04	      1.67347075E-04	      1.65901008E-04	      1.71559764E-04	      1.71736192E-04	      1.69402940E-04	      1.69542300E-04	      1.67676183E-04	      1.99706389E-04
      5.42643250E-04	      2.73087239E-03	      5.58423582E-04	      7.86167949E-04	      7.76114658E-04	      1.48273164E-03	      8.05223282E-04	      5.64229812E-04	      1.26020188E-03	      5.56091872E-04	      5.53889395E-04	      5.38151685E-04	      4.91819542E-04	      5.44706421E-04	      7.06473767E-04	      8.23871939E-04	      5.87747189E-04	      5.78586821E-04	      5.42023369E-04	      7.35087962E-04	      4.83085912E-04	      4.66534307E-04	      4.80044008E-04	      5.87747189E-04	      5.31558693E-04	      5.24172192E-04	      5.24172192E-04	      5.79237007E-04	      5.07937347E-04	      4.77211587E-04	      4.91560975E-04	      4.47331724E-04	      4.66534307E-04	      4.65318830E-04	      4.64156009E-04	      4.80044008E-04	      4.11687108E-04	      3.58487163E-04	      4.45133650E-04	      3.57592850E-04	      3.59421936E-04	      3.82747590E-04	      3.81613409E-04	      3.81613409E-04	      3.60399989E-04	      3.36064999E-04	      3.51360494E-04	      3.60399989E-04	      4.88021630E-04	      3.35445068E-04	      4.55498815E-04	      3.70051499E-04	      3.36708686E-04	      3.36064999E-04	      3.60399989E-04	      3.62841096E-04	      3.37377525E-04	      2.85668910E-04	      3.25974040E-04	      3.34271392E-04	      3.34847600E-04	      3.34847600E-04	      3.16531021E-04	      3.16531021E-04	      3.16806656E-04	      2.65633313E-04	      2.65499196E-04	      2.82530013E-04	      2.82678148E-04	      2.65633313E-04	      3.27161720E-04	      3.27551005E-04	      3.30203587E-04	      3.30471562E-04	      2.80113701E-04	      2.54141079E-04	      2.54245297E-04	      2.86858103E-04	      2.52858316E-04	      3.17089345E-04	      2.86675315E-04	      2.71612770E-04	      2.84218958E-04	      2.84352596E-04	      2.84352596E-04	      2.84218958E-04	      2.84488707E-04	      2.71779131E-04	      2.86858103E-04	      2.65367585E-04	      2.65238410E-04	      2.62175001E-04	      2.62175001E-04	      2.61132888E-04	      2.65238410E-04	      2.65367585E-04	      2.63664928E-04	      2.63766277E-04	      2.62412856E-04	      3.10625145E-04
      6.22422845E-04	      3.37983799E-03	      6.42475246E-04	      9.29373049E-04	      9.16934776E-04	      1.77324032E-03	      9.55459862E-04	      6.50257868E-04	      1.51797160E-03	      6.39632174E-04	      6.36946017E-04	      6.16829843E-04	      5.60206233E-04	      6.25086536E-04	      8.23871939E-04	      9.75958443E-04	      6.75659135E-04	      6.64666436E-04	      6.21828699E-04	      8.69290042E-04	      5.48532030E-04	      5.29038049E-04	      5.44886682E-04	      6.75659135E-04	      6.08948935E-04	      5.99699807E-04	      5.99699807E-04	      6.65837457E-04	      5.80233595E-04	      5.41491213E-04	      5.59183505E-04	      5.05122645E-04	      5.29038049E-04	      5.27571277E-04	      5.26167818E-04	      5.44886682E-04	      4.62302130E-04	      3.98461936E-04	      5.02496356E-04	      3.97403741E-04	      3.99567822E-04	      4.27396736E-04	      4.26050399E-04	      4.26050399E-04	      4.00724712E-04	      3.71882674E-04	      3.90031933E-04	      4.00724712E-04	      5.55403990E-04	      3.71150746E-04	      5.15422624E-04	      4.12310866E-04	      3.72642554E-04	      3.71882674E-04	      4.00724712E-04	      4.03708455E-04	      3.73432024E-04	      3.12640545E-04	      3.59957054E-04	      3.69764784E-04	      3.70445253E-04	      3.70445253E-04	      3.48821306E-04	      3.48821306E-04	      3.49146902E-04	      2.89359366E-04	      2.89202379E-04	      3.08977532E-04	      3.09151590E-04	      2.89359366E-04	      3.61364471E-04	      3.61824585E-04	      3.64948863E-04	      3.65266445E-04	      3.06203171E-04	      2.76061533E-04	      2.76183283E-04	      3.14038237E-04	      2.74562678E-04	      3.49480808E-04	      3.13823429E-04	      2.96304116E-04	      3.10935792E-04	      3.11092941E-04	      3.11092941E-04	      3.10935792E-04	      3.11252993E-04	      2.96498977E-04	      3.14038237E-04	      2.89048320E-04	      2.88897106E-04	      2.85309425E-04	      2.85309425E-04	      2.84088237E-04	      2.88897106E-04	      2.89048320E-04	      2.87054733E-04	      2.87173426E-04	      2.85588100E-04	      3.41839965E-04
      4.47352983E-04	      2.26956276E-03	      4.57867294E-04	      6.42174523E-04	      6.33222849E-04	      1.25629713E-03	      6.53791509E-04	      4.59846245E-04	      1.05019511E-03	      4.55731814E-04	      4.53713721E-04	      4.43903444E-04	      4.03767886E-04	      4.48518767E-04	      5.87747189E-04	      6.75659135E-04	      4.92418925E-04	      4.84094636E-04	      4.46058810E-04	      5.86975656E-04	      4.02543138E-04	      3.84705581E-04	      3.99734766E-04	      4.92418925E-04	      4.37297409E-04	      4.31976383E-04	      4.31976383E-04	      4.83544375E-04	      4.15536785E-04	      3.97118051E-04	      4.07885939E-04	      3.73063473E-04	      3.84705581E-04	      3.83576958E-04	      3.82496879E-04	      3.99734766E-04	      3.41670364E-04	      3.00231083E-04	      3.71022223E-04	      2.99387119E-04	      3.01112944E-04	      3.19986819E-04	      3.18921312E-04	      3.18921312E-04	      3.02035326E-04	      2.81574920E-04	      2.93173412E-04	      3.02035326E-04	      4.01669440E-04	      2.80987034E-04	      3.76999147E-04	      3.08036280E-04	      2.82185184E-04	      2.81574920E-04	      3.02035326E-04	      3.02100218E-04	      2.82819132E-04	      2.39248937E-04	      2.71987141E-04	      2.79873630E-04	      2.80420312E-04	      2.80420312E-04	      2.64351245E-04	      2.64351245E-04	      2.64614185E-04	      2.23194258E-04	      2.23064912E-04	      2.36656097E-04	      2.36798487E-04	      2.23194258E-04	      2.73368869E-04	      2.73739159E-04	      2.74985661E-04	      2.75240746E-04	      2.35363936E-04	      2.13767111E-04	      2.13867900E-04	      2.40390811E-04	      2.12526059E-04	      2.64883819E-04	      2.40215341E-04	      2.28182459E-04	      2.37855734E-04	      2.37984185E-04	      2.37984185E-04	      2.37855734E-04	      2.38115005E-04	      2.28342629E-04	      2.40390811E-04	      2.22937974E-04	      2.22813375E-04	      2.19855835E-04	      2.19855835E-04	      2.18848546E-04	      2.22813375E-04	      2.22937974E-04	      2.21294917E-04	      2.21392762E-04	      2.20085656E-04	      2.58709408E-04
      4.37244537E-04	      2.26445568E-03	      4.47068023E-04	      6.30598384E-04	      6.21479992E-04	      1.25099320E-03	      6.41349624E-04	      4.48291241E-04	      1.04235340E-03	      4.44880708E-04	      4.42813165E-04	      4.33874153E-04	      3.93369395E-04	      4.38264978E-04	      5.78586821E-04	      6.64666436E-04	      4.84094636E-04	      4.75624678E-04	      4.35747139E-04	      5.72123239E-04	      3.93799921E-04	      3.74910647E-04	      3.90928744E-04	      4.84094636E-04	      4.26979128E-04	      4.21884659E-04	      4.21884659E-04	      4.74817007E-04	      4.04664024E-04	      3.88252683E-04	      3.98665747E-04	      3.64530636E-04	      3.74910647E-04	      3.73752447E-04	      3.72643894E-04	      3.90928744E-04	      3.32820613E-04	      2.92539433E-04	      3.62441333E-04	      2.91673214E-04	      2.93444410E-04	      3.11994356E-04	      3.10901459E-04	      3.10901459E-04	      2.94390820E-04	      2.74069456E-04	      2.85203582E-04	      2.94390820E-04	      3.91571519E-04	      2.73465435E-04	      3.67648958E-04	      2.99725314E-04	      2.74696394E-04	      2.74069456E-04	      2.94390820E-04	      2.93858176E-04	      2.75347585E-04	      2.32125652E-04	      2.64209454E-04	      2.72321280E-04	      2.72883093E-04	      2.72883093E-04	      2.56728345E-04	      2.56728345E-04	      2.56999084E-04	      2.16507473E-04	      2.16374130E-04	      2.29574499E-04	      2.29721279E-04	      2.16507473E-04	      2.65701178E-04	      2.66082139E-04	      2.67010796E-04	      2.67273492E-04	      2.28538141E-04	      2.07274299E-04	      2.07378243E-04	      2.33302393E-04	      2.05994133E-04	      2.57276699E-04	      2.33121588E-04	      2.21425034E-04	      2.30689434E-04	      2.30821873E-04	      2.30821873E-04	      2.30689434E-04	      2.30956749E-04	      2.21590089E-04	      2.33302393E-04	      2.16243264E-04	      2.16114806E-04	      2.13064303E-04	      2.13064303E-04	      2.12024752E-04	      2.16114806E-04	      2.16243264E-04	      2.14548944E-04	      2.14649864E-04	      2.13301441E-04	      2.50915165E-04
